0.599945
0.600078
0.600948
0.602545
0.604631
0.607212
0.610246
0.613647
0.617836
0.623255
0.628926
0.634657
0.640287
0.645670
0.651444
0.656495
0.660686
0.663920
0.666135
0.667328
0.667561
0.666959
0.665682
0.663902
0.661767
0.659393
0.656885
0.654352
0.651895
0.649599
0.647525
0.645724
0.644232
0.643072
0.642254
0.641771
0.641602
0.641715
0.642069
0.642624
0.643331
0.644145
0.645021
0.645914
0.646780
0.647582
0.648290
0.648882
0.649342
0.649660
0.649837
0.649879
0.649799
0.649617
0.649358
0.649045
0.648703
0.648353
0.648014
0.647703
0.647437
0.647226
0.647079
0.647004
0.647003
0.647076
0.647218
0.647424
0.647683
0.647986
0.648320
0.648675
0.649037
0.649393
0.649733
0.650046
0.650324
0.650558
0.650744
0.650879
0.650961
0.650991
0.650973
0.650910
0.650809
0.650675
0.650515
0.650335
0.650141
0.649938
0.649733
0.649531
0.649339
0.649161
0.649001
0.648862
0.648747
0.648656
0.648590
0.648550
0.648535
0.648543
0.648573
0.648624
0.648692
0.648776
0.648873
0.648981
0.649097
0.649219
0.649345
0.649472
0.649599
0.649724
0.649846
0.649963
0.650075
0.650179
0.650276
0.650365
0.650444
0.650514
0.650574
0.650623
0.650663
0.650692
0.650711
0.650721
0.650720
0.650711
0.650692
0.650666
0.650633
0.650593
0.650548
0.650497
0.650443
0.650386
0.650327
0.650266
0.650206
0.650146
0.650087
0.650031
0.649978
0.649928
0.649882
0.649841
0.649804
0.649771
0.649742
0.649717
0.649695
0.649676
0.649660
0.649645
0.649632
0.649620
0.649607
0.649594
0.649579
0.649562
0.649542
0.649520
0.649494
0.649465
0.649432
0.649396
0.649355
0.649312
0.649265
0.649216
0.649164
0.649110
0.649055
0.648998
0.648942
0.648886
0.648830
0.648776
0.648724
0.648674
0.648626
0.648582
0.648541
0.648505
0.648472
0.648443
0.648419
0.648399
0.648383
0.648372
0.648365
0.648363
0.648364
0.648369
0.648377
0.648389
0.648403
0.648420
0.648440
0.648461
0.648483
0.648507
0.648532
0.648558
0.648584
0.648610
0.648635
0.648661
0.648685
0.648709
0.648732
0.648754
0.648774
0.648794
0.648812
0.648829
0.648845
0.648860
0.648874
0.648888
0.648900
0.648913
0.648925
0.648938
0.648951
0.648964
0.648978
0.648993
0.649010
0.649028
0.649048
0.649070
0.649094
0.649120
0.649149
0.649181
0.649215
0.649253
0.649293
0.649337
0.649383
0.649432
0.649485
0.649540
0.649597
0.649658
0.649721
0.649786
0.649854
0.649923
0.649995
0.650068
0.650142
0.650218
0.650296
0.650374
0.650453
0.650533
0.650613
0.650694
0.650775
0.650856
0.650937
0.651018
0.651099
0.651181
0.651261
0.651342
0.651423
0.651503
0.651583
0.651664
0.651744
0.651824
0.651904
0.651984
0.652064
0.652145
0.652226
0.652307
0.652389
0.652472
0.652555
0.652639
0.652724
0.652810
0.652897
0.652984
0.653073
0.653163
0.653254
0.653347
0.653440
0.653535
0.653630
0.653727
0.653824
0.653923
0.654022
0.654122
0.654223
0.654324
0.654426
0.654528
0.654631
0.654733
0.654836
0.654939
0.655041
0.655143
0.655244
0.655345
0.655445
0.655544
0.655641
0.655738
0.655833
0.655926
0.656017
0.656107
0.656194
0.656279
0.656362
0.656443
0.656520
0.656595
0.656668
0.656737
0.656803
0.656866
0.656926
0.656983
0.657036
0.657086
0.657132
0.657174
0.657213
0.657248
0.657279
0.657306
0.657330
0.657349
0.657365
0.657376
0.657384
0.657388
0.657388
0.657385
0.657378
0.657366
0.657352
0.657334
0.657312
0.657287
0.657258
0.657226
0.657191
0.657153
0.657113
0.657069
0.657023
0.656975
0.656924
0.656871
0.656816
0.656758
0.656699
0.656638
0.656576
0.656512
0.656447
0.656381
0.656314
0.656246
0.656177
0.656107
0.656037
0.655966
0.655895
0.655825
0.655754
0.655684
0.655614
0.655545
0.655477
0.655410
0.655344
0.655279
0.655215
0.655153
0.655092
0.655032
0.654974
0.654917
0.654862
0.654808
0.654756
0.654706
0.654657
0.654609
0.654564
0.654519
0.654477
0.654436
0.654396
0.654358
0.654321
0.654285
0.654251
0.654218
0.654186
0.654154
0.654124
0.654094
0.654065
0.654037
0.654010
0.653983
0.653957
0.653931
0.653906
0.653881
0.653857
0.653833
0.653810
0.653786
0.653763
0.653740
0.653718
0.653695
0.653672
0.653650
0.653627
0.653605
0.653582
0.653559
0.653537
0.653514
0.653492
0.653469
0.653447
0.653425
0.653403
0.653381
0.653359
0.653337
0.653315
0.653294
0.653273
0.653252
0.653231
0.653210
0.653190
0.653170
0.653151
0.653132
0.653114
0.653096
0.653079
0.653062
0.653046
0.653030
0.653014
0.653000
0.652986
0.652972
0.652959
0.652947
0.652935
0.652924
0.652914
0.652904
0.652895
0.652887
0.652879
0.652873
0.652867
0.652862
0.652858
0.652855
0.652852
0.652850
0.652850
0.652849
0.652850
0.652852
0.652854
0.652857
0.652861
0.652865
0.652871
0.652877
0.652883
0.652891
0.652899
0.652907
0.652916
0.652925
0.652935
0.652946
0.652957
0.652968
0.652980
0.652992
0.653005
0.653018
0.653032
0.653046
0.653061
0.653076
0.653092
0.653109
0.653126
0.653144
0.653163
0.653182
0.653203
0.653224
0.653246
0.653269
0.653293
0.653317
0.653343
0.653369
0.653397
0.653426
0.653455
0.653486
0.653518
0.653551
0.653585
0.653620
0.653657
0.653694
0.653734
0.653774
0.653816
0.653860
0.653905
0.653951
0.654000
0.654049
0.654101
0.654153
0.654208
0.654264
0.654322
0.654381
0.654443
0.654506
0.654570
0.654637
0.654705
0.654775
0.654846
0.654918
0.654993
0.655068
0.655145
0.655223
0.655302
0.655382
0.655464
0.655546
0.655630
0.655714
0.655800
0.655886
0.655972
0.656059
0.656147
0.656236
0.656325
0.656415
0.656505
0.656595
0.656686
0.656776
0.656867
0.656957
0.657048
0.657138
0.657229
0.657319
0.657409
0.657499
0.657589
0.657678
0.657767
0.657855
0.657943
0.658030
0.658116
0.658201
0.658285
0.658369
0.658452
0.658534
0.658615
0.658696
0.658776
0.658854
0.658932
0.659009
0.659085
0.659160
0.659234
0.659308
0.659381
0.659454
0.659526
0.659598
0.659669
0.659739
0.659810
0.659879
0.659948
0.660017
0.660085
0.660153
0.660221
0.660290
0.660358
0.660426
0.660494
0.660562
0.660630
0.660699
0.660768
0.660836
0.660906
0.660975
0.661046
0.661117
0.661189
0.661262
0.661337
0.661413
0.661490
0.661568
0.661647
0.661728
0.661811
0.661895
0.661981
0.662069
0.662159
0.662251
0.662346
0.662442
0.662541
0.662642
0.662745
0.662849
0.662956
0.663066
0.663179
0.663294
0.663413
0.663536
0.663662
0.663791
0.663924
0.664060
0.664200
0.664344
0.664491
0.664641
0.664796
0.664954
0.665116
0.665283
0.665454
0.665629
0.665809
0.665993
0.666181
0.666374
0.666572
0.666773
0.666980
0.667191
0.667408
0.667629
0.667855
0.668086
0.668323
0.668564
0.668810
0.669061
0.669317
0.669577
0.669842
0.670112
0.670386
0.670665
0.670948
0.671237
0.671530
0.671827
0.672129
0.672435
0.672745
0.673058
0.673375
0.673694
0.674017
0.674343
0.674671
0.675002
0.675335
0.675671
0.676008
0.676347
0.676687
0.677028
0.677370
0.677711
0.678052
0.678393
0.678732
0.679069
0.679403
0.679735
0.680065
0.680391
0.680714
0.681033
0.681348
0.681659
0.681965
0.682265
0.682559
0.682847
0.683127
0.683399
0.683663
0.683919
0.684165
0.684401
0.684628
0.684845
0.685018
0.685184
0.685342
0.685491
0.685632
0.685763
0.685908
0.686038
0.686156
0.686260
0.686350
0.686427
0.686491
0.686542
0.686580
0.686594
0.686605
0.686614
0.686617
0.686614
0.686605
0.686590
0.686568
0.686539
0.686504
0.686457
0.686390
0.686310
0.686220
0.686118
0.686005
0.685860
0.685701
0.685527
0.685340
0.685141
0.684930
0.684707
0.684472
0.684225
0.683964
0.683691
0.683404
0.683103
0.682789
0.682461
0.682120
0.681764
0.681395
0.681012
0.680616
0.680207
0.679785
0.679349
0.678901
0.678441
0.677969
0.677486
0.676992
0.676489
0.675976
0.675456
0.674929
0.674397
0.673859
0.673319
0.672775
0.672231
0.671685
0.671138
0.670592
0.670047
0.669502
0.668958
0.668415
0.667873
0.667332
0.666793
0.666254
0.665716
0.665180
0.664644
0.664109
0.663576
0.663044
0.662513
0.661984
0.661458
0.660933
0.660411
0.659893
0.659379
0.658868
0.658362
0.657860
0.657364
0.656873
0.656388
0.655909
0.655437
0.654972
0.654515
0.654066
0.653625
0.653192
0.652768
0.652352
0.651946
0.651548
0.651159
0.650779
0.650407
0.650043
0.649688
0.649341
0.649002
0.648671
0.648349
0.648035
0.647730
0.647434
0.647147
0.646868
0.646597
0.646336
0.646083
0.645838
0.645602
0.645375
0.645156
0.644946
0.644744
0.644551
0.644366
0.644189
0.644020
0.643860
0.643707
0.643563
0.643426
0.643297
0.643175
0.643060
0.642953
0.642852
0.642759
0.642672
0.642592
0.642518
0.642450
0.642388
0.642332
0.642282
0.642237
0.642198
0.642163
0.642134
0.642109
0.642089
0.642073
0.642061
0.642054
0.642050
0.642049
0.642052
0.642057
0.642065
0.642076
0.642089
0.642103
0.642119
0.642136
0.642154
0.642173
0.642193
0.642213
0.642233
0.642252
0.642272
0.642291
0.642309
0.642326
0.642342
0.642357
0.642371
0.642382
0.642393
0.642401
0.642407
0.642412
0.642414
0.642413
0.642410
0.642405
0.642396
0.642385
0.642371
0.642354
0.642334
0.642311
0.642284
0.642255
0.642222
0.642187
0.642148
0.642106
0.642061
0.642014
0.641963
0.641910
0.641854
0.641795
0.641734
0.641670
0.641603
0.641535
0.641464
0.641391
0.641316
0.641239
0.641161
0.641081
0.640999
0.640916
0.640831
0.640746
0.640660
0.640573
0.640485
0.640398
0.640310
0.640222
0.640134
0.640047
0.639961
0.639875
0.639791
0.639707
0.639625
0.639545
0.639466
0.639388
0.639313
0.639240
0.639169
0.639100
0.639034
0.638970
0.638910
0.638851
0.638796
0.638744
0.638695
0.638649
0.638606
0.638566
0.638530
0.638497
0.638468
0.638442
0.638419
0.638400
0.638384
0.638372
0.638363
0.638358
0.638356
0.638358
0.638363
0.638372
0.638384
0.638400
0.638419
0.638441
0.638466
0.638494
0.638526
0.638560
0.638597
0.638637
0.638679
0.638723
0.638770
0.638819
0.638870
0.638922
0.638977
0.639033
0.639090
0.639149
0.639210
0.639271
0.639333
0.639396
0.639460
0.639525
0.639590
0.639656
0.639721
0.639787
0.639853
0.639919
0.639985
0.640050
0.640115
0.640180
0.640244
0.640307
0.640369
0.640431
0.640491
0.640550
0.640608
0.640665
0.640721
0.640775
0.640828
0.640879
0.640928
0.640977
0.641023
0.641068
0.641111
0.641153
0.641193
0.641232
0.641268
0.641304
0.641337
0.641369
0.641400
0.641429
0.641457
0.641483
0.641508
0.641531
0.641553
0.641574
0.641593
0.641611
0.641628
0.641644
0.641659
0.641672
0.641685
0.641696
0.641707
0.641717
0.641726
0.641734
0.641741
0.641748
0.641754
0.641759
0.641764
0.641769
0.641773
0.641776
0.641780
0.641782
0.641785
0.641787
0.641789
0.641791
0.641792
0.641793
0.641794
0.641795
0.641796
0.641797
0.641797
0.641797
0.641797
0.641797
0.641797
0.641797
0.641796
0.641796
0.641795
0.641794
0.641792
0.641790
0.641789
0.641786
0.641784
0.641781
0.641777
0.641774
0.641770
0.641765
0.641760
0.641754
0.641748
0.641741
0.641733
0.641725
0.641716
0.641706
0.641696
0.641685
0.641673
0.641660
0.641646
0.641632
0.641616
0.641600
0.641582
0.641564
0.641545
0.641525
0.641503
0.641481
0.641458
0.641433
0.641408
0.641382
0.641354
0.641326
0.641296
0.641266
0.641234
0.641202
0.641168
0.641133
0.641098
0.641061
0.641023
0.640985
0.640945
0.640905
0.640863
0.640821
0.640778
0.640734
0.640689
0.640643
0.640597
0.640549
0.640502
0.640453
0.640404
0.640354
0.640303
0.640252
0.640200
0.640148
0.640095
0.640042
0.639988
0.639934
0.639879
0.639824
0.639768
0.639712
0.639656
0.639600
0.639543
0.639486
0.639428
0.639371
0.639313
0.639255
0.639197
0.639139
0.639081
0.639023
0.638965
0.638906
0.638848
0.638790
0.638732
0.638674
0.638616
0.638558
0.638500
0.638443
0.638386
0.638329
0.638272
0.638216
0.638160
0.638104
0.638049
0.637994
0.637939
0.637885
0.637832
0.637779
0.637726
0.637674
0.637623
0.637572
0.637523
0.637473
0.637425
0.637377
0.637330
0.637284
0.637239
0.637195
0.637152
0.637110
0.637069
0.637029
0.636991
0.636953
0.636917
0.636882
0.636849
0.636817
0.636786
0.636757
0.636729
0.636702
0.636678
0.636655
0.636633
0.636614
0.636596
0.636580
0.636566
0.636553
0.636543
0.636535
0.636528
0.636524
0.636522
0.636522
0.636524
0.636529
0.636536
0.636545
0.636556
0.636570
0.636586
0.636605
0.636626
0.636650
0.636677
0.636706
0.636737
0.636772
0.636809
0.636849
0.636891
0.636937
0.636985
0.637036
0.637090
0.637147
0.637208
0.637271
0.637337
0.637406
0.637479
0.637555
0.637634
0.637717
0.637802
0.637892
0.637984
0.638080
0.638180
0.638283
0.638390
0.638500
0.638614
0.638732
0.638854
0.638980
0.639110
0.639244
0.639381
0.639523
0.639669
0.639819
0.639973
0.640131
0.640294
0.640461
0.640632
0.640808
0.640989
0.641174
0.641365
0.641560
0.641760
0.641966
0.642176
0.642392
0.642613
0.642839
0.643071
0.643309
0.643552
0.643801
0.644055
0.644315
0.644581
0.644853
0.645130
0.645414
0.645704
0.646001
0.646304
0.646613
0.646929
0.647252
0.647582
0.647918
0.648262
0.648612
0.648970
0.649335
0.649706
0.650086
0.650472
0.650866
0.651267
0.651676
0.652092
0.652515
0.652946
0.653385
0.653831
0.654284
0.654746
0.655214
0.655691
0.656175
0.656666
0.657165
0.657672
0.658186
0.658707
0.659236
0.659772
0.660315
0.660865
0.661422
0.661986
0.662557
0.663135
0.663719
0.664310
0.664907
0.665511
0.666121
0.666737
0.667358
0.667985
0.668616
0.669252
0.669892
0.670535
0.671182
0.671833
0.672486
0.671833
0.672486
0.673142
0.673801
0.674462
0.675123
0.675786
0.676448
0.677111
0.677773
0.678433
0.679092
0.679750
0.680405
0.681059
0.681710
0.682358
0.683003
0.683643
0.684277
0.684904
0.685524
0.686134
0.686734
0.687323
0.687900
0.688465
0.689017
0.689556
0.690083
0.690596
0.691095
0.691580
0.692050
0.692505
0.692944
0.693366
0.693773
0.694162
0.694535
0.694892
0.695231
0.695553
0.695858
0.696145
0.696414
0.696665
0.696896
0.697108
0.697301
0.697473
0.697624
0.697755
0.697865
0.697955
0.698014
0.698059
0.698089
0.698103
0.698101
0.698083
0.698049
0.697999
0.697934
0.697854
0.697759
0.697649
0.697523
0.697383
0.697229
0.697061
0.696881
0.696688
0.696482
0.696265
0.696037
0.695797
0.695547
0.695286
0.694958
0.694615
0.694259
0.693888
0.693506
0.693111
0.692705
0.692287
0.691858
0.691419
0.691045
0.690664
0.690276
0.689879
0.689474
0.689062
0.688557
0.688040
0.687515
0.686980
0.686438
0.685889
0.685334
0.684774
0.684209
0.683640
0.683069
0.682495
0.681920
0.681343
0.680766
0.680188
0.679610
0.679031
0.678453
0.677874
0.677296
0.676718
0.676140
0.675563
0.674986
0.674410
0.673836
0.673264
0.672694
0.672126
0.671562
0.671001
0.670444
0.669892
0.669344
0.668801
0.668263
0.667730
0.667202
0.666679
0.666161
0.665648
0.665141
0.664639
0.664143
0.663653
0.663167
0.662688
0.662213
0.661744
0.661280
0.660821
0.660367
0.659918
0.659474
0.659034
0.658599
0.658170
0.657745
0.657324
0.656909
0.656499
0.656093
0.655693
0.655299
0.654909
0.654526
0.654148
0.653776
0.653409
0.653049
0.652695
0.652346
0.652004
0.651667
0.651335
0.651010
0.650689
0.650374
0.650064
0.649759
0.649458
0.649162
0.648871
0.648583
0.648301
0.648022
0.647748
0.647478
0.647212
0.646951
0.646693
0.646440
0.646190
0.645945
0.645703
0.645466
0.645233
0.645004
0.644779
0.644558
0.644341
0.644129
0.643920
0.643716
0.643516
0.643319
0.643127
0.642938
0.642754
0.642573
0.642396
0.642223
0.642054
0.641888
0.641725
0.641567
0.641412
0.641260
0.641112
0.640967
0.640826
0.640688
0.640553
0.640422
0.640294
0.640169
0.640048
0.639929
0.639814
0.639702
0.639594
0.639488
0.639386
0.639286
0.639190
0.639096
0.639006
0.638918
0.638833
0.638751
0.638671
0.638594
0.638520
0.638448
0.638379
0.638312
0.638248
0.638186
0.638127
0.638070
0.638015
0.637962
0.637912
0.637864
0.637818
0.637774
0.637733
0.637693
0.637656
0.637621
0.637588
0.637556
0.637527
0.637499
0.637474
0.637450
0.637428
0.637407
0.637389
0.637371
0.637356
0.637342
0.637330
0.637319
0.637310
0.637302
0.637295
0.637290
0.637286
0.637284
0.637283
0.637283
0.637285
0.637288
0.637292
0.637297
0.637303
0.637310
0.637319
0.637328
0.637339
0.637350
0.637363
0.637377
0.637391
0.637407
0.637423
0.637440
0.637459
0.637478
0.637498
0.637519
0.637540
0.637563
0.637586
0.637611
0.637636
0.637662
0.637688
0.637716
0.637744
0.637773
0.637803
0.637834
0.637866
0.637898
0.637931
0.637964
0.637999
0.638034
0.638069
0.638106
0.638143
0.638181
0.638219
0.638258
0.638298
0.638338
0.638379
0.638421
0.638463
0.638506
0.638549
0.638593
0.638637
0.638683
0.638728
0.638774
0.638821
0.638869
0.638916
0.638965
0.639014
0.639063
0.639113
0.639163
0.639213
0.639264
0.639316
0.639368
0.639420
0.639472
0.639525
0.639578
0.639631
0.639684
0.639738
0.639792
0.639845
0.639899
0.639953
0.640007
0.640062
0.640116
0.640170
0.640224
0.640278
0.640331
0.640385
0.640439
0.640492
0.640545
0.640598
0.640650
0.640702
0.640754
0.640805
0.640856
0.640906
0.640956
0.641006
0.641055
0.641103
0.641150
0.641197
0.641244
0.641289
0.641334
0.641378
0.641421
0.641463
0.641505
0.641545
0.641585
0.641624
0.641662
0.641698
0.641734
0.641769
0.641802
0.641835
0.641866
0.641897
0.641926
0.641954
0.641981
0.642007
0.642032
0.642055
0.642078
0.642099
0.642119
0.642138
0.642156
0.642172
0.642187
0.642201
0.642214
0.642226
0.642236
0.642245
0.642253
0.642260
0.642265
0.642270
0.642273
0.642275
0.642276
0.642275
0.642274
0.642271
0.642267
0.642262
0.642256
0.642249
0.642241
0.642232
0.642221
0.642210
0.642198
0.642185
0.642170
0.642155
0.642139
0.642122
0.642104
0.642085
0.642065
0.642045
0.642023
0.642001
0.641978
0.641955
0.641930
0.641905
0.641879
0.641853
0.641826
0.641798
0.641770
0.641741
0.641712
0.641682
0.641651
0.641620
0.641589
0.641557
0.641525
0.641492
0.641460
0.641426
0.641393
0.641359
0.641325
0.641291
0.641256
0.641222
0.641187
0.641152
0.641117
0.641082
0.641046
0.641011
0.640976
0.640941
0.640905
0.640870
0.640835
0.640800
0.640766
0.640731
0.640697
0.640663
0.640629
0.640596
0.640562
0.640530
0.640497
0.640465
0.640434
0.640403
0.640373
0.640343
0.640313
0.640285
0.640257
0.640229
0.640202
0.640176
0.640151
0.640127
0.640103
0.640080
0.640058
0.640037
0.640016
0.639997
0.639979
0.639961
0.639945
0.639929
0.639915
0.639902
0.639890
0.639879
0.639869
0.639860
0.639853
0.639847
0.639842
0.639838
0.639836
0.639835
0.639835
0.639836
0.639839
0.639843
0.639849
0.639856
0.639864
0.639874
0.639885
0.639898
0.639912
0.639927
0.639944
0.639963
0.639983
0.640004
0.640027
0.640052
0.640078
0.640105
0.640134
0.640164
0.640196
0.640230
0.640265
0.640301
0.640339
0.640379
0.640420
0.640462
0.640507
0.640552
0.640599
0.640648
0.640698
0.640749
0.640802
0.640857
0.640913
0.640971
0.641030
0.641090
0.641152
0.641216
0.641281
0.641347
0.641415
0.641485
0.641556
0.641629
0.641703
0.641778
0.641855
0.641934
0.642014
0.642096
0.642179
0.642264
0.642350
0.642438
0.642527
0.642619
0.642711
0.642806
0.642902
0.642999
0.643099
0.643200
0.643303
0.643408
0.643515
0.643624
0.643734
0.643847
0.643961
0.644078
0.644196
0.644317
0.644440
0.644565
0.644692
0.644821
0.644953
0.645087
0.645224
0.645363
0.645505
0.645649
0.645796
0.645945
0.646097
0.646252
0.646410
0.646571
0.646735
0.646902
0.647073
0.647246
0.647423
0.647604
0.647788
0.647975
0.648166
0.648361
0.648560
0.648762
0.648969
0.649180
0.649395
0.649615
0.649839
0.650068
0.650302
0.650540
0.650783
0.651032
0.651285
0.651544
0.651809
0.652078
0.652354
0.652635
0.652922
0.653215
0.653514
0.653820
0.654132
0.654450
0.654775
0.655106
0.655444
0.655789
0.656141
0.656500
0.656866
0.657240
0.657621
0.658010
0.658408
0.658813
0.659226
0.659648
0.660079
0.660518
0.660966
0.661422
0.661888
0.662362
0.662846
0.663339
0.663841
0.664352
0.664874
0.665405
0.665946
0.666498
0.667060
0.667633
0.668216
0.668810
0.669414
0.670029
0.670655
0.671290
0.671936
0.672591
0.673256
0.673932
0.674617
0.675312
0.676017
0.676731
0.677455
0.678189
0.678932
0.679684
0.680445
0.681214
0.681992
0.682778
0.683572
0.684374
0.685184
0.686001
0.686825
0.687655
0.688489
0.689327
0.690168
0.691011
0.691856
0.692700
0.693545
0.694390
0.695234
0.696078
0.696921
0.697763
0.698604
0.699443
0.700280
0.701114
0.701945
0.702772
0.703593
0.704409
0.705219
0.705862
0.706499
0.707130
0.707755
0.708374
0.709009
0.709637
0.710255
0.710863
0.711461
0.712049
0.712625
0.713190
0.713743
0.714285
0.714814
0.715329
0.715830
0.716318
0.716791
0.717250
0.717694
0.718124
0.718539
0.718940
0.719327
0.719698
0.720056
0.720398
0.720726
0.721040
0.721339
0.721623
0.721892
0.722146
0.722384
0.722605
0.722809
0.722996
0.723165
0.723317
0.723451
0.723566
0.723662
0.723739
0.723796
0.723835
0.723855
0.723855
0.723834
0.723795
0.723736
0.723658
0.723562
0.723448
0.723317
0.723167
0.723002
0.722820
0.722622
0.722408
0.722179
0.721935
0.721676
0.721403
0.721116
0.720815
0.720499
0.720169
0.719826
0.719468
0.719097
0.718713
0.718317
0.717909
0.717489
0.717058
0.716616
0.716164
0.715702
0.715231
0.714751
0.714263
0.713767
0.713264
0.712755
0.712240
0.711719
0.711194
0.710664
0.710129
0.709590
0.709048
0.708501
0.707950
0.707395
0.706837
0.706275
0.705710
0.705142
0.704570
0.703880
0.703187
0.702490
0.701790
0.701089
0.700385
0.699681
0.698975
0.698269
0.697562
0.696856
0.696150
0.695444
0.694739
0.694035
0.693332
0.692631
0.691931
0.691233
0.690537
0.689843
0.689151
0.688461
0.687773
0.687087
0.686404
0.685722
0.685042
0.684365
0.683690
0.683017
0.682348
0.681682
0.681019
0.680361
0.679707
0.679058
0.678413
0.677774
0.677140
0.676510
0.675886
0.675267
0.674652
0.674042
0.673436
0.672836
0.672239
0.671647
0.671059
0.670475
0.669895
0.669319
0.668748
0.668180
0.667616
0.667057
0.666501
0.665949
0.665402
0.664858
0.664319
0.663784
0.663253
0.662727
0.662204
0.661686
0.661172
0.660662
0.660157
0.659655
0.659157
0.658662
0.658172
0.657684
0.657200
0.656720
0.656243
0.655768
0.655297
0.654829
0.654364
0.653902
0.653444
0.652989
0.652538
0.652091
0.651647
0.651207
0.650772
0.650340
0.649912
0.649489
0.649070
0.648656
0.648245
0.647840
0.647438
0.647041
0.646648
0.646260
0.645875
0.645495
0.645119
0.644747
0.644380
0.644016
0.643655
0.643299
0.642946
0.642598
0.642252
0.641911
0.641573
0.641239
0.640909
0.640583
0.640260
0.639941
0.639626
0.639314
0.639006
0.638702
0.638402
0.638105
0.637813
0.637525
0.637241
0.636961
0.636686
0.636415
0.636147
0.635885
0.635626
0.635371
0.635121
0.634875
0.634634
0.634397
0.634164
0.633936
0.633712
0.633492
0.633277
0.633066
0.632859
0.632657
0.632459
0.632265
0.632076
0.631891
0.631710
0.631533
0.631361
0.631192
0.631028
0.630868
0.630712
0.630560
0.630411
0.630267
0.630127
0.629991
0.629858
0.629730
0.629605
0.629485
0.629368
0.629255
0.629146
0.629040
0.628938
0.628839
0.628745
0.628653
0.628565
0.628480
0.628399
0.628320
0.628245
0.628173
0.628104
0.628038
0.627976
0.627916
0.627859
0.627805
0.627754
0.627705
0.627660
0.627617
0.627577
0.627539
0.627504
0.627472
0.627441
0.627413
0.627387
0.627363
0.627341
0.627320
0.627302
0.627285
0.627270
0.627257
0.627245
0.627235
0.627226
0.627218
0.627212
0.627207
0.627203
0.627200
0.627199
0.627198
0.627199
0.627200
0.627202
0.627205
0.627209
0.627213
0.627218
0.627224
0.627230
0.627236
0.627242
0.627249
0.627257
0.627264
0.627271
0.627279
0.627287
0.627294
0.627302
0.627309
0.627317
0.627324
0.627331
0.627338
0.627345
0.627352
0.627358
0.627364
0.627370
0.627375
0.627380
0.627385
0.627389
0.627393
0.627397
0.627400
0.627403
0.627406
0.627408
0.627409
0.627411
0.627411
0.627412
0.627411
0.627411
0.627410
0.627408
0.627407
0.627404
0.627402
0.627399
0.627396
0.627392
0.627389
0.627385
0.627380
0.627376
0.627371
0.627366
0.627361
0.627356
0.627351
0.627345
0.627340
0.627334
0.627328
0.627322
0.627317
0.627311
0.627305
0.627299
0.627294
0.627288
0.627282
0.627277
0.627272
0.627267
0.627262
0.627258
0.627253
0.627249
0.627246
0.627242
0.627239
0.627236
0.627234
0.627232
0.627231
0.627230
0.627229
0.627229
0.627230
0.627231
0.627232
0.627234
0.627236
0.627239
0.627243
0.627247
0.627251
0.627256
0.627262
0.627268
0.627275
0.627283
0.627290
0.627299
0.627308
0.627317
0.627327
0.627338
0.627349
0.627361
0.627373
0.627385
0.627398
0.627412
0.627425
0.627440
0.627454
0.627469
0.627485
0.627500
0.627516
0.627532
0.627549
0.627566
0.627582
0.627600
0.627617
0.627634
0.627652
0.627669
0.627687
0.627704
0.627722
0.627740
0.627757
0.627774
0.627792
0.627809
0.627826
0.627843
0.627859
0.627875
0.627891
0.627907
0.627922
0.627937
0.627952
0.627966
0.627979
0.627992
0.628005
0.628017
0.628028
0.628039
0.628049
0.628059
0.628068
0.628076
0.628083
0.628090
0.628096
0.628101
0.628105
0.628109
0.628111
0.628113
0.628114
0.628114
0.628113
0.628111
0.628109
0.628105
0.628101
0.628095
0.628089
0.628081
0.628073
0.628064
0.628054
0.628043
0.628031
0.628018
0.628004
0.627989
0.627973
0.627957
0.627939
0.627921
0.627902
0.627882
0.627861
0.627839
0.627817
0.627794
0.627770
0.627745
0.627720
0.627694
0.627668
0.627641
0.627613
0.627585
0.627557
0.627528
0.627498
0.627468
0.627438
0.627408
0.627377
0.627346
0.627315
0.627284
0.627253
0.627222
0.627191
0.627160
0.627129
0.627098
0.627068
0.627038
0.627008
0.626979
0.626950
0.626921
0.626893
0.626866
0.626839
0.626813
0.626788
0.626763
0.626740
0.626717
0.626695
0.626674
0.626655
0.626636
0.626619
0.626603
0.626588
0.626574
0.626562
0.626552
0.626543
0.626535
0.626530
0.626526
0.626524
0.626523
0.626525
0.626528
0.626534
0.626542
0.626551
0.626563
0.626578
0.626594
0.626613
0.626635
0.626659
0.626686
0.626715
0.626747
0.626781
0.626819
0.626859
0.626903
0.626949
0.626998
0.627051
0.627106
0.627165
0.627228
0.627293
0.627363
0.627436
0.627512
0.627593
0.627677
0.627766
0.627858
0.627955
0.628055
0.628159
0.628268
0.628381
0.628499
0.628621
0.628747
0.628878
0.629014
0.629155
0.629301
0.629452
0.629608
0.629769
0.629936
0.630108
0.630286
0.630470
0.630659
0.630855
0.631055
0.631262
0.631476
0.631695
0.631921
0.632153
0.632392
0.632638
0.632891
0.633152
0.633419
0.633694
0.633976
0.634266
0.634563
0.634869
0.635182
0.635504
0.635834
0.636171
0.636518
0.636872
0.637236
0.637608
0.637989
0.638378
0.638777
0.639185
0.639602
0.640028
0.640464
0.640909
0.641364
0.641829
0.642303
0.642787
0.643281
0.643785
0.644299
0.644823
0.645356
0.645900
0.646454
0.647018
0.647591
0.648175
0.648768
0.649371
0.649983
0.650605
0.651236
0.651877
0.652526
0.653184
0.653851
0.654527
0.655211
0.655903
0.656603
0.657311
0.658026
0.658748
0.659477
0.660213
0.660955
0.661702
0.662456
0.663215
0.663978
0.664747
0.665519
0.666295
0.667075
0.667857
0.668642
0.669429
0.670218
0.671009
0.671801
0.672594
0.673388
0.674183
0.674977
0.675771
0.676563
0.677354
0.678142
0.678927
0.679709
0.680487
0.681261
0.682031
0.682795
0.683553
0.684306
0.685051
0.685789
0.686519
0.687239
0.687948
0.688647
0.689334
0.690010
0.690673
0.691325
0.691963
0.692590
0.693204
0.693806
0.694396
0.694972
0.695536
0.696086
0.696621
0.697143
0.697650
0.698142
0.698619
0.699082
0.699530
0.699963
0.700383
0.700788
0.701179
0.701555
0.701916
0.702263
0.702596
0.702916
0.703222
0.703515
0.703796
0.704013
0.704221
0.704420
0.704611
0.704793
0.704972
0.705142
0.705301
0.705452
0.705593
0.705725
0.705848
0.705962
0.706067
0.706165
0.706255
0.706337
0.706412
0.706480
0.706543
0.706599
0.706650
0.706696
0.706737
0.706774
0.706807
0.706836
0.706861
0.706882
0.706900
0.706914
0.706925
0.706932
0.706935
0.706935
0.706932
0.706925
0.706914
0.706900
0.706882
0.706860
0.706835
0.706806
0.706773
0.706736
0.706695
0.706651
0.706603
0.706551
0.706496
0.706437
0.706375
0.706309
0.706240
0.706169
0.706095
0.706018
0.705938
0.705855
0.705770
0.705682
0.705591
0.705496
0.705399
0.705299
0.705196
0.705089
0.704979
0.704866
0.704749
0.704629
0.704505
0.704378
0.704247
0.704113
0.703974
0.703832
0.703686
0.703535
0.703381
0.703222
0.703058
0.702890
0.702683
0.702469
0.702248
0.702023
0.701792
0.701555
0.701312
0.701064
0.700810
0.700551
0.700285
0.700069
0.699848
0.699623
0.699393
0.699157
0.698906
0.698648
0.698384
0.698113
0.697835
0.697550
0.697198
0.696834
0.696460
0.696075
0.695681
0.695278
0.694866
0.694446
0.694018
0.693582
0.693141
0.692693
0.692241
0.691785
0.691324
0.690859
0.690390
0.689917
0.689439
0.688955
0.688466
0.687971
0.687469
0.686960
0.686444
0.685920
0.685390
0.684852
0.684307
0.683755
0.683198
0.682635
0.682067
0.681496
0.680921
0.680344
0.679765
0.679185
0.678605
0.678024
0.677444
0.676864
0.676285
0.675707
0.675130
0.674554
0.673978
0.673404
0.672830
0.672256
0.671683
0.671111
0.670538
0.669966
0.669394
0.668821
0.668249
0.667677
0.667106
0.666535
0.665965
0.665396
0.664828
0.664262
0.663698
0.663136
0.662576
0.662019
0.661465
0.660915
0.660368
0.659825
0.659286
0.658751
0.658220
0.657694
0.657172
0.656655
0.656143
0.655635
0.655132
0.654633
0.654139
0.653649
0.653164
0.652683
0.652206
0.651734
0.651265
0.650800
0.650340
0.649884
0.649431
0.648983
0.648538
0.648098
0.647663
0.647232
0.646806
0.646384
0.645967
0.645555
0.645148
0.644745
0.644348
0.643955
0.643568
0.643185
0.642807
0.642434
0.642065
0.641702
0.641342
0.640988
0.640638
0.640292
0.639951
0.639614
0.639282
0.638954
0.638630
0.638311
0.637996
0.637685
0.637379
0.637077
0.636779
0.636486
0.636196
0.635912
0.635632
0.635356
0.635085
0.634818
0.634556
0.634298
0.634045
0.633797
0.633553
0.633314
0.633079
0.632849
0.632623
0.632402
0.632186
0.631973
0.631766
0.631562
0.631363
0.631169
0.630978
0.630792
0.630610
0.630431
0.630257
0.630087
0.629921
0.629758
0.629600
0.629445
0.629294
0.629146
0.629002
0.628862
0.628725
0.628592
0.628463
0.628337
0.628215
0.628096
0.627981
0.627869
0.627761
0.627657
0.627555
0.627458
0.627363
0.627272
0.627184
0.627100
0.627019
0.626941
0.626866
0.626794
0.626725
0.626660
0.626597
0.626537
0.626481
0.626427
0.626376
0.626328
0.626283
0.626240
0.626201
0.626164
0.626129
0.626098
0.626068
0.626041
0.626017
0.625995
0.625975
0.625958
0.625942
0.625929
0.625918
0.625909
0.625902
0.625897
0.625894
0.625894
0.625895
0.625898
0.625903
0.625909
0.625918
0.625928
0.625940
0.625954
0.625969
0.625986
0.626004
0.626024
0.626045
0.626067
0.626091
0.626115
0.626141
0.626168
0.626197
0.626226
0.626256
0.626287
0.626319
0.626352
0.626385
0.626419
0.626454
0.626490
0.626527
0.626563
0.626601
0.626639
0.626677
0.626716
0.626756
0.626795
0.626835
0.626875
0.626915
0.626956
0.626996
0.627037
0.627078
0.627118
0.627159
0.627199
0.627240
0.627280
0.627320
0.627359
0.627399
0.627438
0.627477
0.627515
0.627553
0.627591
0.627628
0.627664
0.627701
0.627736
0.627772
0.627806
0.627840
0.627874
0.627907
0.627940
0.627972
0.628004
0.628034
0.628065
0.628095
0.628124
0.628152
0.628180
0.628207
0.628233
0.628259
0.628283
0.628307
0.628331
0.628353
0.628375
0.628396
0.628417
0.628436
0.628455
0.628473
0.628491
0.628508
0.628524
0.628540
0.628555
0.628569
0.628583
0.628596
0.628608
0.628620
0.628631
0.628641
0.628651
0.628661
0.628670
0.628678
0.628685
0.628693
0.628699
0.628705
0.628711
0.628716
0.628720
0.628724
0.628728
0.628731
0.628734
0.628736
0.628738
0.628739
0.628740
0.628741
0.628741
0.628741
0.628741
0.628740
0.628739
0.628738
0.628737
0.628735
0.628733
0.628730
0.628728
0.628725
0.628722
0.628719
0.628715
0.628712
0.628708
0.628704
0.628700
0.628696
0.628691
0.628687
0.628683
0.628678
0.628674
0.628669
0.628665
0.628660
0.628656
0.628652
0.628647
0.628643
0.628639
0.628635
0.628632
0.628628
0.628625
0.628622
0.628619
0.628617
0.628615
0.628613
0.628611
0.628610
0.628610
0.628609
0.628610
0.628611
0.628612
0.628614
0.628617
0.628620
0.628624
0.628628
0.628634
0.628640
0.628647
0.628655
0.628664
0.628674
0.628685
0.628697
0.628710
0.628725
0.628740
0.628757
0.628775
0.628794
0.628815
0.628837
0.628861
0.628887
0.628914
0.628943
0.628973
0.629006
0.629040
0.629076
0.629114
0.629155
0.629197
0.629241
0.629288
0.629337
0.629389
0.629443
0.629499
0.629559
0.629620
0.629685
0.629752
0.629823
0.629896
0.629973
0.630053
0.630136
0.630222
0.630313
0.630406
0.630504
0.630605
0.630709
0.630818
0.630930
0.631047
0.631167
0.631292
0.631421
0.631555
0.631693
0.631836
0.631984
0.632136
0.632294
0.632457
0.632625
0.632799
0.632978
0.633163
0.633354
0.633551
0.633754
0.633963
0.634178
0.634400
0.634628
0.634862
0.635103
0.635351
0.635607
0.635869
0.636139
0.636416
0.636702
0.636995
0.637296
0.637606
0.637923
0.638250
0.638585
0.638928
0.639281
0.639643
0.640014
0.640394
0.640784
0.641183
0.641592
0.642011
0.642439
0.642878
0.643326
0.643785
0.644254
0.644734
0.645224
0.645725
0.646236
0.646758
0.647290
0.647833
0.648387
0.648952
0.649528
0.650114
0.650711
0.651319
0.651938
0.652567
0.653207
0.653857
0.654518
0.655188
0.655869
0.656560
0.657260
0.657970
0.658689
0.659417
0.660154
0.660900
0.661654
0.662415
0.663185
0.663962
0.664745
0.665536
0.666332
0.667135
0.667943
0.668755
0.669572
0.670394
0.671219
0.672048
0.672880
0.673715
0.674552
0.675391
0.676232
0.677073
0.677914
0.678754
0.679593
0.680429
0.681263
0.682092
0.682918
0.683739
0.684554
0.685363
0.686165
0.686959
0.687744
0.688519
0.689283
0.690035
0.690774
0.691498
0.692208
0.692902
0.693580
0.694242
0.694888
0.695517
0.696130
0.696726
0.697305
0.697868
0.698412
0.698937
0.699443
0.699930
0.700395
0.700840
0.701265
0.701668
0.702051
0.702413
0.702754
0.703073
0.703371
0.703648
0.703903
0.704137
0.704350
0.704542
0.704714
0.704793
0.704867
0.704944
0.705022
0.705092
0.705151
0.705202
0.705243
0.705275
0.705299
0.705314
0.705317
0.705304
0.705276
0.705233
0.705176
0.705093
0.704992
0.704876
0.704791
0.704702
0.704606
0.704498
0.704361
0.704215
0.704062
0.703902
0.703736
0.703535
0.703325
0.703109
0.702887
0.702659
0.702426
0.702187
0.701943
0.701694
0.701439
0.701223
0.701002
0.700777
0.700548
0.700314
0.700075
0.699783
0.699485
0.699184
0.698881
0.698577
0.698273
0.697970
0.697669
0.697370
0.697074
0.696783
0.696495
0.696213
0.695937
0.695668
0.695450
0.695237
0.695029
0.694825
0.694626
0.694431
0.694204
0.693984
0.693773
0.693570
0.693376
0.693192
0.693018
0.692853
0.692700
0.692557
0.692425
0.692304
0.692195
0.692098
0.692012
0.691939
0.691878
0.691829
0.691791
0.691763
0.691745
0.691736
0.691736
0.691744
0.691759
0.691781
0.691811
0.691847
0.691891
0.691942
0.691999
0.692065
0.692138
0.692219
0.692308
0.692405
0.692510
0.692624
0.692745
0.692873
0.693009
0.693152
0.693300
0.693455
0.693614
0.693777
0.693945
0.694116
0.694291
0.694468
0.694647
0.694829
0.695013
0.695199
0.695292
0.695385
0.695488
0.695604
0.695719
0.695833
0.695945
0.696057
0.696166
0.696275
0.696394
0.696536
0.696674
0.696811
0.696945
0.697077
0.697230
0.697380
0.697528
0.697676
0.697823
0.697969
0.698115
0.698259
0.698402
0.698543
0.698681
0.698814
0.698943
0.699065
0.699180
0.699288
0.699387
0.699476
0.699554
0.699622
0.699676
0.699718
0.699745
0.699758
0.699759
0.699756
0.699747
0.699730
0.699704
0.699670
0.699629
0.699579
0.699522
0.699456
0.699374
0.699263
0.699138
0.699001
0.698853
0.698695
0.698499
0.698290
0.698072
0.697845
0.697611
0.697371
0.697124
0.696872
0.696615
0.696352
0.696083
0.695809
0.695529
0.695242
0.694949
0.694648
0.694339
0.694020
0.693690
0.693349
0.692994
0.692625
0.692339
0.692045
0.691739
0.691422
0.691057
0.690677
0.690285
0.689879
0.689462
0.689033
0.688506
0.687966
0.687416
0.686859
0.686296
0.685731
0.685165
0.684598
0.684033
0.683470
0.682910
0.682353
0.681798
0.681246
0.680695
0.680145
0.679594
0.679043
0.678490
0.677933
0.677372
0.676806
0.676235
0.675657
0.675072
0.674481
0.673884
0.673280
0.672670
0.672055
0.671437
0.670815
0.670192
0.669569
0.668946
0.668325
0.667706
0.667091
0.666480
0.665873
0.665272
0.664676
0.664085
0.663499
0.662918
0.662341
0.661769
0.661201
0.660635
0.660072
0.659512
0.658953
0.658395
0.657839
0.657283
0.656728
0.656173
0.655619
0.655066
0.654514
0.653963
0.653413
0.652866
0.652321
0.651778
0.651239
0.650703
0.650172
0.649645
0.649122
0.648604
0.648091
0.647583
0.647080
0.646582
0.646090
0.645602
0.645119
0.644640
0.644166
0.643696
0.643230
0.642768
0.642309
0.641854
0.641402
0.640953
0.640508
0.640065
0.639625
0.639188
0.638755
0.638324
0.637897
0.637473
0.637053
0.636636
0.636223
0.635814
0.635408
0.635006
0.634609
0.634215
0.633825
0.633440
0.633058
0.632681
0.632308
0.631938
0.631574
0.631213
0.630856
0.630504
0.630156
0.629812
0.629472
0.629136
0.628804
0.628477
0.628153
0.627834
0.627519
0.627208
0.626901
0.626598
0.626300
0.626006
0.625715
0.625429
0.625147
0.624870
0.624596
0.624326
0.624060
0.623798
0.623540
0.623286
0.623036
0.622790
0.622548
0.622309
0.622075
0.621845
0.621618
0.621395
0.621176
0.620961
0.620750
0.620543
0.620339
0.620140
0.619944
0.619752
0.619564
0.619380
0.619200
0.619023
0.618850
0.618681
0.618515
0.618353
0.618195
0.618041
0.617889
0.617742
0.617597
0.617457
0.617319
0.617185
0.617055
0.616928
0.616804
0.616684
0.616567
0.616454
0.616344
0.616237
0.616133
0.616033
0.615935
0.615841
0.615750
0.615662
0.615578
0.615495
0.615416
0.615340
0.615266
0.615195
0.615127
0.615062
0.614999
0.614938
0.614880
0.614825
0.614772
0.614721
0.614673
0.614627
0.614584
0.614542
0.614503
0.614466
0.614430
0.614397
0.614366
0.614337
0.614309
0.614284
0.614260
0.614238
0.614218
0.614200
0.614183
0.614168
0.614154
0.614142
0.614131
0.614122
0.614114
0.614107
0.614101
0.614097
0.614093
0.614091
0.614089
0.614089
0.614089
0.614090
0.614092
0.614095
0.614098
0.614103
0.614107
0.614113
0.614119
0.614125
0.614133
0.614140
0.614149
0.614157
0.614166
0.614176
0.614186
0.614196
0.614207
0.614217
0.614228
0.614239
0.614250
0.614262
0.614273
0.614284
0.614296
0.614307
0.614318
0.614329
0.614340
0.614351
0.614361
0.614372
0.614382
0.614392
0.614402
0.614412
0.614422
0.614431
0.614441
0.614450
0.614459
0.614467
0.614476
0.614484
0.614492
0.614499
0.614507
0.614514
0.614521
0.614528
0.614534
0.614540
0.614546
0.614552
0.614557
0.614563
0.614568
0.614572
0.614577
0.614581
0.614585
0.614588
0.614592
0.614595
0.614598
0.614601
0.614604
0.614606
0.614609
0.614611
0.614613
0.614615
0.614617
0.614618
0.614620
0.614621
0.614623
0.614624
0.614625
0.614627
0.614628
0.614629
0.614630
0.614632
0.614633
0.614634
0.614635
0.614637
0.614638
0.614639
0.614641
0.614642
0.614644
0.614645
0.614647
0.614649
0.614651
0.614653
0.614655
0.614658
0.614661
0.614664
0.614667
0.614670
0.614674
0.614678
0.614682
0.614686
0.614691
0.614696
0.614702
0.614708
0.614714
0.614721
0.614729
0.614736
0.614745
0.614753
0.614763
0.614772
0.614783
0.614794
0.614805
0.614818
0.614830
0.614844
0.614858
0.614874
0.614889
0.614906
0.614924
0.614942
0.614962
0.614982
0.615004
0.615026
0.615050
0.615074
0.615100
0.615127
0.615155
0.615185
0.615216
0.615248
0.615282
0.615317
0.615353
0.615392
0.615431
0.615473
0.615516
0.615561
0.615608
0.615657
0.615707
0.615760
0.615815
0.615872
0.615931
0.615992
0.616056
0.616122
0.616191
0.616262
0.616336
0.616412
0.616491
0.616574
0.616659
0.616747
0.616838
0.616933
0.617031
0.617133
0.617238
0.617347
0.617459
0.617576
0.617696
0.617820
0.617948
0.618080
0.618217
0.618359
0.618505
0.618656
0.618813
0.618974
0.619141
0.619313
0.619491
0.619675
0.619865
0.620060
0.620262
0.620471
0.620686
0.620908
0.621137
0.621372
0.621615
0.621866
0.622124
0.622390
0.622663
0.622945
0.623235
0.623534
0.623841
0.624157
0.624483
0.624818
0.625162
0.625516
0.625880
0.626254
0.626639
0.627034
0.627440
0.627857
0.628285
0.628724
0.629175
0.629637
0.630111
0.630597
0.631095
0.631605
0.632128
0.632663
0.633211
0.633772
0.634346
0.634933
0.635533
0.636146
0.636772
0.637412
0.638065
0.638731
0.639411
0.640105
0.640811
0.641531
0.642264
0.643011
0.643770
0.644543
0.645328
0.646126
0.646936
0.647759
0.648594
0.649440
0.650298
0.651167
0.652047
0.652937
0.653837
0.654746
0.655664
0.656590
0.657523
0.658464
0.659410
0.660362
0.661319
0.662279
0.663242
0.664208
0.665174
0.666141
0.667107
0.668072
0.669034
0.669993
0.670948
0.671898
0.672841
0.673778
0.674707
0.675628
0.676540
0.677443
0.678335
0.679216
0.680085
0.680942
0.681786
0.682615
0.683429
0.684227
0.685008
0.685772
0.686517
0.687245
0.687952
0.688640
0.689306
0.689951
0.690573
0.691171
0.691745
0.692295
0.692819
0.693318
0.693789
0.694233
0.694650
0.695041
0.695406
0.695747
0.696061
0.696351
0.696616
0.696855
0.697069
0.697258
0.697420
0.697556
0.697667
0.697752
0.697812
0.697846
0.697856
0.697844
0.697810
0.697756
0.697682
0.697589
0.697479
0.697352
0.697209
0.697050
0.696877
0.696689
0.696487
0.696271
0.696042
0.695800
0.695547
0.695283
0.695064
0.694839
0.694607
0.694368
0.694123
0.693862
0.693595
0.693323
0.693048
0.692769
0.692488
0.692206
0.691922
0.691639
0.691357
0.691076
0.690797
0.690466
0.690141
0.689821
0.689509
0.689205
0.688908
0.688621
0.688342
0.688072
0.687811
0.687559
0.687315
0.687078
0.686849
0.686627
0.686412
0.686205
0.686006
0.685815
0.685632
0.685458
0.685293
0.685136
0.684990
0.684853
0.684726
0.684610
0.684504
0.684409
0.684326
0.684255
0.684196
0.684149
0.684116
0.684096
0.684088
0.684093
0.684111
0.684141
0.684182
0.684234
0.684298
0.684371
0.684455
0.684548
0.684651
0.684764
0.684886
0.685017
0.685157
0.685305
0.685462
0.685628
0.685802
0.685983
0.686172
0.686369
0.686572
0.686782
0.686998
0.687220
0.687448
0.687681
0.687919
0.688162
0.688410
0.688663
0.688920
0.689181
0.689444
0.689711
0.689981
0.690252
0.690525
0.690800
0.691074
0.691349
0.691624
0.691899
0.692173
0.692446
0.692718
0.692989
0.693257
0.693521
0.693782
0.694038
0.694289
0.694536
0.694778
0.694976
0.695170
0.695360
0.695545
0.695726
0.695902
0.696072
0.696238
0.696398
0.696553
0.696703
0.696847
0.697013
0.697170
0.697320
0.697417
0.697510
0.697600
0.697693
0.697798
0.697897
0.697990
0.698078
0.698159
0.698233
0.698300
0.698362
0.698418
0.698467
0.698509
0.698551
0.698583
0.698604
0.698616
0.698618
0.698610
0.698592
0.698563
0.698538
0.698508
0.698472
0.698428
0.698365
0.698292
0.698210
0.698119
0.698019
0.697890
0.697748
0.697593
0.697425
0.697245
0.697052
0.696847
0.696629
0.696399
0.696156
0.695902
0.695637
0.695432
0.695222
0.695005
0.694782
0.694526
0.694263
0.693991
0.693712
0.693425
0.693130
0.692766
0.692390
0.692004
0.691609
0.691205
0.690793
0.690373
0.689946
0.689513
0.689074
0.688629
0.688180
0.687726
0.687268
0.686806
0.686340
0.685869
0.685393
0.684911
0.684424
0.683931
0.683431
0.682926
0.682413
0.681894
0.681369
0.680838
0.680301
0.679758
0.679210
0.678657
0.678100
0.677539
0.676974
0.676407
0.675838
0.675267
0.674694
0.674120
0.673545
0.672970
0.672395
0.671819
0.671244
0.670668
0.670093
0.669518
0.668944
0.668369
0.667795
0.667221
0.666648
0.666075
0.665502
0.664929
