4.999847
4.999230
4.998201
4.996839
4.995092
4.992964
4.990473
4.987617
4.983958
4.978919
4.973174
4.966749
4.959647
4.951902
4.942102
4.931547
4.920424
4.908881
4.897021
4.884974
4.872832
4.860652
4.848477
4.836337
4.824245
4.812187
4.800151
4.788157
4.776239
4.764428
4.752767
4.741308
4.730105
4.719224
4.708731
4.698682
4.689116
4.680069
4.671569
4.663639
4.656293
4.649547
4.643407
4.637878
4.632968
4.628680
4.625014
4.621966
4.619529
4.617691
4.616440
4.615772
4.615677
4.616139
4.617147
4.618683
4.620723
4.623248
4.626239
4.629675
4.633537
4.637804
4.642458
4.647484
4.652881
4.658652
4.664799
4.671314
4.678182
4.685382
4.692881
4.700637
4.708603
4.716723
4.724935
4.733161
4.741307
4.749310
4.757129
4.764727
4.772074
4.779149
4.785935
4.792421
4.798596
4.804445
4.809956
4.815120
4.819932
4.824385
4.828470
4.832178
4.835499
4.838426
4.840953
4.843074
4.844786
4.846084
4.846967
4.847435
4.847487
4.847123
4.846354
4.845191
4.843641
4.841716
4.839432
4.836810
4.833873
4.830643
4.827146
4.823406
4.819445
4.815286
4.810950
4.806458
4.801830
4.797087
4.792249
4.787332
4.782350
4.777318
4.772248
4.767148
4.762027
4.756898
4.751776
4.746675
4.741612
4.736602
4.731662
4.726807
4.722056
4.717425
4.712929
4.708584
4.704407
4.700412
4.696616
4.693030
4.689667
4.686540
4.683662
4.681043
4.678693
4.676619
4.674830
4.673330
4.672120
4.671203
4.670577
4.670242
4.670199
4.670449
4.670994
4.671836
4.672974
4.674401
4.676114
4.678106
4.680370
4.682898
4.685679
4.688699
4.691945
4.695399
4.699042
4.702854
4.706814
4.710899
4.715082
4.719338
4.723639
4.727960
4.732279
4.736575
4.740829
4.745024
4.749146
4.753180
4.757117
4.760944
4.764654
4.768238
4.771689
4.775002
4.778171
4.781193
4.784064
4.786782
4.789345
4.791753
4.794004
4.796096
4.798032
4.799809
4.801430
4.802896
4.804210
4.805375
4.806396
4.807278
4.808024
4.808643
4.809137
4.809515
4.809781
4.809943
4.810004
4.809970
4.809847
4.809640
4.809353
4.808993
4.808564
4.808071
4.807519
4.806912
4.806252
4.805544
4.804791
4.803998
4.803168
4.802308
4.801421
4.800513
4.799589
4.798654
4.797714
4.796773
4.795836
4.794907
4.793994
4.793099
4.792229
4.791388
4.790581
4.789812
4.789086
4.788404
4.787770
4.787185
4.786651
4.786170
4.785743
4.785370
4.785051
4.784786
4.784573
4.784412
4.784302
4.784239
4.784222
4.784247
4.784309
4.784404
4.784527
4.784672
4.784832
4.785003
4.785176
4.785345
4.785503
4.785642
4.785755
4.785835
4.785874
4.785866
4.785803
4.785679
4.785488
4.785224
4.784881
4.784455
4.783940
4.783334
4.782633
4.781836
4.780939
4.779941
4.778842
4.777640
4.776337
4.774933
4.773430
4.771830
4.770137
4.768354
4.766485
4.764536
4.762510
4.760415
4.758258
4.756045
4.753786
4.751490
4.749167
4.746829
4.744487
4.742152
4.739838
4.737556
4.735318
4.733133
4.731013
4.728965
4.726998
4.725120
4.723338
4.721659
4.720090
4.718635
4.717296
4.716075
4.714974
4.713993
4.713133
4.712396
4.711783
4.711297
4.710942
4.710721
4.710641
4.710704
4.710914
4.711274
4.711786
4.712452
4.713273
4.714252
4.715386
4.716677
4.718123
4.719723
4.721474
4.723375
4.725423
4.727616
4.729953
4.732427
4.735031
4.737758
4.740600
4.743550
4.746599
4.749740
4.752964
4.756262
4.759625
4.763044
4.766508
4.770008
4.773534
4.777074
4.780615
4.784146
4.787654
4.791124
4.794543
4.797897
4.801171
4.804350
4.807420
4.810367
4.813176
4.815833
4.818327
4.820649
4.822789
4.824740
4.826499
4.828063
4.829423
4.830576
4.831520
4.832254
4.832778
4.833092
4.833198
4.833099
4.832797
4.832292
4.831580
4.830663
4.829544
4.828230
4.826723
4.825031
4.823158
4.821112
4.818902
4.816535
4.814022
4.811369
4.808581
4.805671
4.802652
4.799534
4.796330
4.793051
4.789711
4.786319
4.782888
4.779430
4.775956
4.772479
4.769000
4.765520
4.762053
4.758615
4.755214
4.751859
4.748562
4.745331
4.742174
4.739099
4.736116
4.733231
4.730453
4.727787
4.725243
4.722825
4.720542
4.718405
4.716427
4.714608
4.712947
4.711449
4.710117
4.708951
4.707957
4.707140
4.706498
4.706028
4.705730
4.705602
4.705642
4.705850
4.706228
4.706774
4.707484
4.708357
4.709386
4.710568
4.711897
4.713366
4.714970
4.716705
4.718565
4.720541
4.722628
4.724818
4.727104
4.729477
4.731925
4.734441
4.737021
4.739654
4.742330
4.745042
4.747779
4.750533
4.753295
4.756058
4.758812
4.761552
4.764269
4.766958
4.769614
4.772230
4.774802
4.777324
4.779794
4.782209
4.784563
4.786855
4.789081
4.791238
4.793324
4.795339
4.797279
4.799146
4.800938
4.802654
4.804296
4.805862
4.807354
4.808773
4.810120
4.811391
4.812589
4.813713
4.814767
4.815750
4.816667
4.817518
4.818309
4.819042
4.819720
4.820348
4.820928
4.821464
4.821959
4.822416
4.822835
4.823213
4.823553
4.823859
4.824133
4.824377
4.824594
4.824784
4.824950
4.825092
4.825211
4.825308
4.825380
4.825425
4.825441
4.825431
4.825400
4.825345
4.825266
4.825164
4.825037
4.824885
4.824707
4.824500
4.824264
4.823995
4.823691
4.823349
4.822964
4.822532
4.822049
4.821507
4.820903
4.820230
4.819484
4.818659
4.817752
4.816760
4.815676
4.814496
4.813214
4.811828
4.810334
4.808728
4.807010
4.805177
4.803228
4.801163
4.798980
4.796681
4.794266
4.791737
4.789094
4.786342
4.783482
4.780517
4.777448
4.774281
4.771019
4.767666
4.764226
4.760704
4.757106
4.753439
4.749706
4.745914
4.742070
4.738181
4.734253
4.730295
4.726315
4.722324
4.718333
4.714354
4.710401
4.706489
4.702632
4.698848
4.695152
4.691565
4.688102
4.684782
4.681620
4.678630
4.675824
4.673217
4.670819
4.668641
4.666691
4.664974
4.663496
4.662258
4.661257
4.660486
4.659940
4.659619
4.659530
4.659679
4.660071
4.660712
4.661606
4.662758
4.664174
4.665858
4.667815
4.670048
4.672562
4.675362
4.678452
4.681833
4.685503
4.689458
4.693694
4.698209
4.702992
4.708031
4.713312
4.718823
4.724552
4.730485
4.736603
4.742889
4.749326
4.755895
4.762578
4.769356
4.776210
4.783122
4.790070
4.797036
4.804000
4.810943
4.817850
4.824704
4.831490
4.838191
4.844795
4.851289
4.857662
4.863899
4.869984
4.875904
4.881639
4.887172
4.892483
4.897555
4.902367
4.906900
4.911132
4.915047
4.918627
4.921853
4.924707
4.927179
4.929259
4.930941
4.932221
4.933098
4.933569
4.933639
4.933310
4.932584
4.931456
4.929922
4.927985
4.925648
4.922916
4.919792
4.916279
4.912383
4.908114
4.903481
4.898494
4.893162
4.887495
4.881508
4.875214
4.868628
4.861766
4.854646
4.847287
4.839708
4.831931
4.823977
4.815868
4.807627
4.799274
4.790834
4.782328
4.773777
4.765203
4.756627
4.748072
4.739559
4.731112
4.722753
4.714505
4.706391
4.698439
4.690672
4.683119
4.675804
4.668754
4.661992
4.655542
4.649423
4.643648
4.638233
4.633187
4.628522
4.624245
4.620362
4.616880
4.613800
4.611126
4.608859
4.607000
4.605551
4.604513
4.603884
4.603665
4.603860
4.604467
4.605486
4.606915
4.608748
4.610976
4.613586
4.616566
4.619902
4.623577
4.627576
4.631887
4.636495
4.641386
4.646546
4.651957
4.657604
4.663471
4.669542
4.675802
4.682237
4.688828
4.695561
4.702416
4.709377
4.716425
4.723541
4.730706
4.737901
4.745106
4.752303
4.759470
4.766587
4.773632
4.780585
4.787424
4.794129
4.800679
4.807056
4.813242
4.819217
4.824965
4.830469
4.835714
4.840685
4.845368
4.849750
4.853822
4.857575
4.861001
4.864094
4.866852
4.869275
4.871360
4.873106
4.874517
4.875595
4.876346
4.876776
4.876891
4.876699
4.876209
4.875430
4.874367
4.873023
4.871404
4.869521
4.867389
4.865020
4.862426
4.859622
4.856621
4.853434
4.850077
4.846562
4.842903
4.839113
4.835206
4.831193
4.827089
4.822908
4.818664
4.814373
4.810048
4.805703
4.801354
4.797013
4.792693
4.788408
4.784168
4.779983
4.775866
4.771828
4.767878
4.764031
4.760297
4.756688
4.753216
4.749891
4.746724
4.743726
4.740906
4.738274
4.735837
4.733602
4.731575
4.729760
4.728162
4.726783
4.725623
4.724685
4.723968
4.723468
4.723185
4.723115
4.723258
4.723612
4.724174
4.724942
4.725910
4.727075
4.728431
4.729967
4.731676
4.733547
4.735564
4.737713
4.739981
4.742355
4.744822
4.747368
4.749978
4.752635
4.755325
4.758033
4.760744
4.763440
4.766105
4.768725
4.771289
4.773786
4.776204
4.778532
4.780755
4.782870
4.784873
4.786759
4.788524
4.790157
4.791646
4.792993
4.794200
4.795265
4.796187
4.796968
4.797606
4.798090
4.798408
4.798573
4.798595
4.798476
4.798220
4.797830
4.797311
4.796662
4.795883
4.794978
4.793952
4.792808
4.791551
4.790194
4.788752
4.787225
4.785608
4.783907
4.782126
4.780272
4.778358
4.776387
4.774360
4.772283
4.770166
4.768018
4.765843
4.763647
4.761437
4.759222
4.757008
4.754801
4.752610
4.750441
4.748303
4.746202
4.744147
4.742143
4.740196
4.738315
4.736510
4.734790
4.733164
4.731642
4.730235
4.728950
4.727793
4.726777
4.725910
4.725197
4.724643
4.724250
4.724020
4.723957
4.724062
4.724337
4.724782
4.725391
4.726154
4.727060
4.728104
4.729279
4.730580
4.732005
4.733549
4.735208
4.736980
4.738861
4.740852
4.742953
4.745159
4.747464
4.749867
4.752362
4.754948
4.757620
4.760376
4.763212
4.766127
4.769115
4.772176
4.775305
4.778501
4.781757
4.785066
4.788423
4.791821
4.795256
4.798721
4.802212
4.805724
4.809252
4.812790
4.816333
4.819877
4.823416
4.826944
4.830456
4.833947
4.837412
4.840843
4.844232
4.847574
4.850865
4.854097
4.857265
4.860362
4.863382
4.866317
4.869161
4.871907
4.874548
4.877077
4.879481
4.881744
4.883863
4.885836
4.887651
4.889301
4.890780
4.892080
4.893193
4.894111
4.894827
4.895332
4.895620
4.895687
4.895526
4.895134
4.894505
4.893627
4.892498
4.891115
4.889478
4.887587
4.885442
4.883044
4.880398
4.877505
4.874370
4.870999
4.867397
4.863570
4.859527
4.855275
4.850819
4.846168
4.841331
4.836320
4.831146
4.825817
4.820343
4.814732
4.808995
4.803141
4.797181
4.791124
4.784983
4.778771
4.772501
4.766190
4.759859
4.753523
4.747199
4.740902
4.734645
4.728442
4.722306
4.716249
4.710279
4.704405
4.698637
4.692985
4.687459
4.682072
4.676840
4.671784
4.666926
4.662290
4.657902
4.653782
4.649948
4.646415
4.643195
4.640295
4.637721
4.635474
4.633553
4.631951
4.630660
4.629669
4.628971
4.628558
4.628427
4.628576
4.629010
4.629736
4.630759
4.632080
4.633706
4.635646
4.637906
4.640493
4.643410
4.646659
4.650240
4.654149
4.658384
4.662936
4.667798
4.672960
4.678415
4.684156
4.690169
4.696434
4.702937
4.709664
4.716597
4.723720
4.731014
4.738460
4.746039
4.753730
4.761507
4.769350
4.777236
4.785140
4.793038
4.800907
4.808725
4.816471
4.824123
4.831664
4.839075
4.846341
4.853441
4.860364
4.867100
4.873644
4.879986
4.886122
4.892041
4.897726
4.903159
4.908323
4.913195
4.917755
4.921977
4.925840
4.929322
4.932405
4.935075
4.937322
4.939139
4.940523
4.941472
4.941987
4.942068
4.941717
4.940936
4.939720
4.938060
4.935952
4.933400
4.930405
4.926973
4.923105
4.918803
4.914077
4.908939
4.903401
4.897475
4.891173
4.884514
4.877515
4.870195
4.862576
4.854681
4.846536
4.838170
4.829611
4.820886
4.812021
4.803043
4.793976
4.784847
4.775678
4.766493
4.757315
4.748165
4.739064
4.730034
4.721101
4.712291
4.703631
4.695150
4.686878
4.678847
4.671086
4.663628
4.656503
4.649738
4.643355
4.637374
4.631808
4.626672
4.621975
4.617727
4.613933
4.610599
4.607727
4.605320
4.603381
4.601918
4.600930
4.600421
4.600392
4.600847
4.601787
4.603211
4.605113
4.607484
4.610306
4.613564
4.617241
4.621317
4.625773
4.630593
4.635759
4.641258
4.647071
4.653178
4.659559
4.666199
4.673082
4.680192
4.687509
4.695014
4.702687
4.710505
4.718447
4.726491
4.734616
4.742799
4.751018
4.759254
4.767486
4.775695
4.783860
4.791962
4.799980
4.807895
4.815686
4.823332
4.830812
4.838105
4.845190
4.852045
4.858645
4.864967
4.870985
4.876675
4.882010
4.886978
4.891564
4.895754
4.899540
4.902918
4.905883
4.908434
4.910573
4.912304
4.913633
4.914564
4.915104
4.915259
4.915037
4.914446
4.913492
4.912177
4.910501
4.908468
4.906088
4.903371
4.900326
4.896959
4.893277
4.889290
4.885004
4.880430
4.875578
4.870463
4.865098
4.859499
4.853683
4.847670
4.841477
4.835126
4.828637
4.822032
4.815331
4.808557
4.801730
4.794873
4.788007
4.781152
4.774328
4.767557
4.760857
4.754247
4.747745
4.741367
4.735131
4.729052
4.723145
4.717426
4.711908
4.706604
4.701530
4.696698
4.692118
4.687804
4.683766
4.680016
4.676564
4.673419
4.670588
4.668078
4.665892
4.664031
4.662498
4.661288
4.660400
4.659830
4.659575
4.659634
4.659999
4.660664
4.661624
4.662868
4.664380
4.666145
4.668147
4.670367
4.672790
4.675400
4.678179
4.681113
4.684189
4.687398
4.690728
4.694168
4.697711
4.701345
4.705065
4.708861
4.712727
4.716656
4.720640
4.724672
4.728742
4.732842
4.736961
4.741092
4.745228
4.749358
4.753476
4.757573
4.761640
4.765671
4.769657
4.773591
4.777464
4.781270
4.785002
4.788652
4.792213
4.795680
4.799045
4.802301
4.805444
4.808469
4.811374
4.814157
4.816811
4.819334
4.821722
4.823974
4.826088
4.828061
4.829891
4.831577
4.833118
4.834512
4.835760
4.836861
4.837814
4.838620
4.839277
4.839785
4.840141
4.840348
4.840407
4.840318
4.840082
4.839703
4.839180
4.838512
4.837699
4.836740
4.835641
4.834407
4.833042
4.831547
4.829926
4.828186
4.826326
4.824347
4.822258
4.820067
4.817778
4.815398
4.812933
4.810392
4.807780
4.805105
4.802372
4.799590
4.796763
4.793898
4.791002
4.788083
4.785151
4.782210
4.779262
4.776313
4.773368
4.770432
4.767509
4.764604
4.761721
4.758864
4.756038
4.753246
4.750491
4.747777
4.745109
4.742489
4.739921
4.737410
4.734958
4.732569
4.730250
4.728003
4.725831
4.723734
4.721714
4.719776
4.717923
4.716159
4.714486
4.712910
4.711433
4.710058
4.708787
4.707621
4.706563
4.705615
4.704781
4.704060
4.703454
4.702964
4.702592
4.702338
4.702205
4.702196
4.702312
4.702554
4.702924
4.703420
4.704043
4.704793
4.705670
4.706675
4.707807
4.709066
4.710451
4.711962
4.713598
4.715357
4.717238
4.719238
4.721357
4.723592
4.725940
4.728398
4.730963
4.733631
4.736398
4.739259
4.742210
4.745247
4.748364
4.751556
4.754816
4.758136
4.761510
4.764931
4.768392
4.771885
4.775401
4.778932
4.782468
4.786001
4.789520
4.793016
4.796478
4.799896
4.803260
4.806560
4.809786
4.812927
4.815975
4.818919
4.821751
4.824462
4.827043
4.829486
4.831784
4.833929
4.835916
4.837736
4.839386
4.840860
4.842153
4.843262
4.844186
4.844922
4.845469
4.845827
4.845996
4.845977
4.845771
4.845377
4.844795
4.844021
4.843058
4.841911
4.840582
4.839076
4.837397
4.835548
4.833536
4.831365
4.829042
4.826572
4.823962
4.821219
4.818350
4.815364
4.812268
4.809071
4.805781
4.802401
4.798936
4.795397
4.791797
4.788143
4.784444
4.780711
4.776952
4.773176
4.769391
4.765606
4.761831
4.758073
4.754341
4.750641
4.746983
4.743373
4.739820
4.736330
4.732912
4.729572
4.726319
4.723159
4.720100
4.717150
4.714320
4.711621
4.709059
4.706635
4.704357
4.702229
4.700254
4.698440
4.696790
4.695308
4.693997
4.692860
4.691897
4.691107
4.690489
4.690040
4.689758
4.689648
4.689710
4.689947
4.690362
4.690953
4.691720
4.692660
4.693769
4.695038
4.696467
4.698056
4.699800
4.701696
4.703740
4.705930
4.708260
4.710727
4.713327
4.716055
4.718906
4.721874
4.724954
4.728138
4.731418
4.734790
4.738245
4.741778
4.745381
4.749045
4.752763
4.756526
4.760326
4.764156
4.768007
4.771870
4.775735
4.779592
4.783431
4.787243
4.791019
4.794751
4.798429
4.802046
4.805595
4.809068
4.812456
4.815752
4.818949
4.822035
4.824999
4.827838
4.830544
4.833113
4.835539
4.837820
4.839950
4.841925
4.843736
4.845373
4.846840
4.848136
4.849258
4.850206
4.850978
4.851575
4.851995
4.852240
4.852309
4.852204
4.851924
4.851470
4.850840
4.850030
4.849042
4.847878
4.846543
4.845040
4.843373
4.841545
4.839562
4.837430
4.835153
4.832739
4.830195
4.827531
4.824753
4.821864
4.818874
4.815788
4.812615
4.809362
4.806037
4.802647
4.799199
4.795704
4.792169
4.788604
4.785018
4.781420
4.777818
4.774222
4.770640
4.767079
4.763547
4.760050
4.756592
4.753183
4.749834
4.746549
4.743336
4.740202
4.737153
4.734196
4.731337
4.728580
4.725932
4.723397
4.720980
4.718685
4.716516
4.714478
4.712573
4.710806
4.709178
4.707693
4.706353
4.705160
4.704116
4.703223
4.702482
4.701895
4.701462
4.701185
4.701062
4.701096
4.701286
4.701633
4.702136
4.702793
4.703604
4.704564
4.705672
4.706923
4.708315
4.709844
4.711506
4.713298
4.715216
4.717254
4.719408
4.721672
4.724037
4.726499
4.729055
4.731700
4.734427
4.737234
4.740113
4.743060
4.746069
4.749133
4.752246
4.755402
4.758594
4.761816
4.765061
4.768322
4.771593
4.774866
4.778136
4.781394
4.784634
4.787851
4.791036
4.794183
4.797286
4.800338
4.803333
4.806265
4.809129
4.811919
4.814629
4.817255
4.819791
4.822232
4.824572
4.826808
4.828935
4.830948
4.832843
4.834617
4.836266
4.837786
4.839173
4.840426
4.841543
4.842520
4.843357
4.844052
4.844605
4.845013
4.845279
4.845400
4.845379
4.845212
4.844899
4.844436
4.843823
4.843059
4.842147
4.841089
4.839886
4.838540
4.837054
4.835433
4.833679
4.831794
4.829781
4.827645
4.825388
4.823013
4.820524
4.817924
4.815217
4.812408
4.809501
4.806501
4.803411
4.800237
4.796984
4.793657
4.790261
4.786800
4.783280
4.779707
4.776088
4.772428
4.768735
4.765016
4.761280
4.757533
4.753782
4.750037
4.746309
4.742608
4.738944
4.735330
4.731777
4.728298
4.724907
4.721614
4.718429
4.715361
4.712420
4.709613
4.706948
4.704432
4.702069
4.699864
4.697822
4.695947
4.694241
4.692706
4.691344
4.690155
4.689137
4.688287
4.687602
4.687080
4.686721
4.686524
4.686492
4.686626
4.686929
4.687403
4.688047
4.688862
4.689847
4.691003
4.692330
4.693826
4.695492
4.697324
4.699322
4.701485
4.703812
4.706302
4.708950
4.711751
4.714700
4.717791
4.721019
4.724375
4.727854
4.731448
4.735148
4.738946
4.742831
4.746792
4.750821
4.754904
4.759033
4.763194
4.767378
4.771572
4.775765
4.779944
4.784097
4.788212
4.792276
4.796276
4.800200
4.804035
4.807766
4.811381
4.814865
4.818205
4.821386
4.824397
4.827223
4.829852
4.832273
4.834476
4.836454
4.838198
4.839704
4.840966
4.841983
4.842756
4.843285
4.843573
4.843621
4.843430
4.843003
4.842340
4.841442
4.840312
4.838958
4.837384
4.835599
4.833609
4.831425
4.829056
4.826514
4.823810
4.820959
4.817974
4.814868
4.811656
4.808352
4.804969
4.801522
4.798025
4.794489
4.790928
4.787354
4.783778
4.780212
4.776667
4.773153
4.769680
4.766255
4.762886
4.759579
4.756339
4.753172
4.750084
4.747082
4.744176
4.741372
4.738679
4.736106
4.733661
4.731352
4.729187
4.727175
4.725321
4.723633
4.722116
4.720773
4.719606
4.718621
4.717821
4.717205
4.716775
4.716530
4.716469
4.716592
4.716898
4.717389
4.718063
4.718920
4.719953
4.721157
4.722524
4.724049
4.725725
4.727545
4.729499
4.731581
4.733779
4.736084
4.738486
4.740972
4.743531
4.746151
4.748817
4.751515
4.754231
4.756951
4.759659
4.762340
4.764979
4.767562
4.770076
4.772507
4.774845
4.777079
4.779199
4.781197
4.783064
4.784795
4.786384
4.787826
4.789116
4.790249
4.791224
4.792038
4.792687
4.793174
4.793499
4.793663
4.793671
4.793525
4.793228
4.792780
4.792180
4.791434
4.790547
4.789524
4.788373
4.787103
4.785724
4.784247
4.782683
4.781044
4.779341
4.777585
4.775787
4.773958
4.772110
4.770252
4.768395
4.766547
4.764717
4.762915
4.761145
4.759416
4.757731
4.756097
4.754518
4.752997
4.751539
4.750147
4.748824
4.747578
4.746413
4.745335
4.744349
4.743460
4.742675
4.741999
4.741435
4.740987
4.740660
4.740457
4.740381
4.740439
4.740634
4.740965
4.741436
4.742046
4.742795
4.743682
4.744704
4.745858
4.747144
4.748560
4.750102
4.751764
4.753541
4.755426
4.757415
4.759502
4.761681
4.763945
4.766289
4.768703
4.771179
4.773709
4.776281
4.778887
4.781516
4.784155
4.786794
4.789418
4.792017
4.794575
4.797080
4.799516
4.801869
4.804124
4.806267
4.808285
4.810167
4.811904
4.813486
4.814906
4.816158
4.817235
4.818135
4.818854
4.819390
4.819743
4.819913
4.819902
4.819713
4.819347
4.818804
4.818082
4.817182
4.816109
4.814866
4.813459
4.811892
4.810169
4.808297
4.806281
4.804127
4.801842
4.799434
4.796909
4.794276
4.791543
4.788718
4.785810
4.782827
4.779779
4.776675
4.773526
4.770339
4.767127
4.763900
4.760666
4.757437
4.754221
4.751030
4.747874
4.744765
4.741714
4.738731
4.735827
4.733012
4.730295
4.727687
4.725198
4.722836
4.720610
4.718529
4.716601
4.714834
4.713236
4.711814
4.710573
4.709518
4.708653
4.707979
4.707498
4.707212
4.707120
4.707225
4.707530
4.708036
4.708742
4.709649
4.710752
4.712048
4.713532
4.715202
4.717053
4.719078
4.721270
4.723623
4.726125
4.728767
4.731537
4.734426
4.737424
4.740519
4.743700
4.746957
4.750278
4.753652
4.757066
4.760508
4.763969
4.767438
4.770904
4.774358
4.777788
4.781186
4.784542
4.787846
4.791089
4.794262
4.797356
4.800365
4.803278
4.806088
4.808781
4.811344
4.813774
4.816068
4.818216
4.820212
4.822054
4.823736
4.825252
4.826599
4.827774
4.828775
4.829599
4.830248
4.830721
4.831019
4.831144
4.831102
4.830900
4.830536
4.830007
4.829313
4.828454
4.827431
4.826249
4.824913
4.823426
4.821793
4.820019
4.818108
4.816066
4.813898
4.811609
4.809202
4.806685
4.804063
4.801342
4.798530
4.795634
4.792662
4.789622
4.786521
4.783366
4.780166
4.776929
4.773664
4.770380
4.767088
4.763795
4.760512
4.757248
4.754012
4.750813
4.747663
4.744570
4.741544
4.738595
4.735732
4.732966
4.730305
4.727760
4.725341
4.723058
4.720919
4.718933
4.717106
4.715445
4.713954
4.712637
4.711497
4.710536
4.709756
4.709156
4.708736
4.708493
4.708424
4.708530
4.708810
4.709263
4.709886
4.710673
4.711619
4.712719
4.713966
4.715353
4.716874
4.718522
4.720291
4.722174
4.724166
4.726260
4.728448
4.730724
4.733082
4.735517
4.738023
4.740595
4.743229
4.745918
4.748658
4.751445
4.754272
4.757137
4.760032
4.762953
4.765894
4.768848
4.771810
4.774775
4.777734
4.780682
4.783613
4.786518
4.789391
4.792226
4.795013
4.797747
4.800419
4.803022
4.805548
4.807991
4.810343
4.812597
4.814747
4.816787
4.818709
4.820510
4.822184
4.823723
4.825123
4.826379
4.827486
4.828439
4.829235
4.829870
4.830343
4.830650
4.830790
4.830762
4.830566
4.830197
4.829653
4.828930
4.828031
4.826957
4.825711
4.824293
4.822707
4.820956
4.819044
4.816976
4.814758
4.812394
4.809891
4.807255
4.804492
4.801610
4.798616
4.795517
4.792322
4.789037
4.785668
4.782216
4.778692
4.775109
4.771476
4.767802
4.764100
4.760380
4.756654
4.752933
4.749230
4.745557
4.741926
4.738350
4.734842
4.731414
4.728082
4.724862
4.721762
4.718790
4.715957
4.713272
4.710743
4.708376
4.706179
4.704156
4.702315
4.700659
4.699192
4.697915
4.696829
4.695936
4.695234
4.694723
4.694401
4.694267
4.694322
4.694566
4.694998
4.695620
4.696428
4.697423
4.698601
4.699960
4.701499
4.703213
4.705099
4.707153
4.709372
4.711753
4.714293
4.716987
4.719826
4.722799
4.725903
4.729133
4.732483
4.735943
4.739510
4.743174
4.746927
4.750762
4.754667
4.758634
4.762654
4.766714
4.770806
4.774919
4.779042
4.783165
4.787277
4.791367
4.795424
4.799435
4.803389
4.807274
4.811079
4.814791
4.818399
4.821891
4.825256
4.828482
4.831559
4.834478
4.837229
4.839802
4.842188
4.844381
4.846375
4.848165
4.849744
4.851110
4.852259
4.853189
4.853899
4.854389
4.854659
4.854710
4.854545
4.854167
4.853574
4.852763
4.851736
4.850498
4.849052
4.847404
4.845559
4.843522
4.841299
4.838897
4.836320
4.833572
4.830664
4.827607
4.824407
4.821074
4.817617
4.814046
4.810371
4.806602
4.802749
4.798824
4.794837
4.790799
4.786722
4.782617
4.778496
4.774370
4.770250
4.766148
4.762074
4.758040
4.754056
4.750134
4.746284
4.742516
4.738839
