0.000370
0.001649
0.003228
0.004559
0.005721
0.006768
0.007705
0.008544
0.009381
0.010252
0.010990
0.011594
0.012060
0.012403
0.012680
0.012865
0.013020
0.013185
0.013386
0.013632
0.013914
0.014225
0.014557
0.014899
0.015234
0.015549
0.015829
0.016067
0.016267
0.016442
0.016604
0.016757
0.016908
0.017064
0.017228
0.017398
0.017570
0.017742
0.017920
0.018110
0.018317
0.018546
0.018796
0.019071
0.019377
0.019712
0.020077
0.020467
0.020858
0.021229
0.021610
0.022098
0.022770
0.023543
0.024259
0.024863
0.025416
0.025970
0.026511
0.027036
0.027561
0.028083
0.028590
0.029078
0.029557
0.030019
0.030434
0.030785
0.031083
0.031336
0.031540
0.031684
0.031757
0.031746
0.031639
0.031429
0.031113
0.030691
0.030155
0.029502
0.028730
0.027836
0.026820
0.025685
0.024430
0.023043
0.021505
0.019806
0.017945
0.015918
0.013715
0.011335
0.008808
0.006154
0.003369
0.000456
-0.002549
-0.005619
-0.008817
-0.012225
-0.015921
-0.019858
-0.023843
-0.027788
-0.031728
-0.035778
-0.040022
-0.044443
-0.049033
-0.053778
-0.058600
-0.063507
-0.068562
-0.073756
-0.079069
-0.084500
-0.090045
-0.095685
-0.101408
-0.107233
-0.113186
-0.119266
-0.125463
-0.131783
-0.138234
-0.144829
-0.151574
-0.158442
-0.165440
-0.172583
-0.179844
-0.187185
-0.194572
-0.201983
-0.209393
-0.216775
-0.224086
-0.231310
-0.238512
-0.245781
-0.253090
-0.260290
-0.267291
-0.274085
-0.280651
-0.286963
-0.293004
-0.298763
-0.304228
-0.309376
-0.314138
-0.318426
-0.322184
-0.325325
-0.327918
-0.330272
-0.332709
-0.335523
-0.338904
-0.342914
-0.347436
-0.352147
-0.356869
-0.361509
-0.365891
-0.369955
-0.373726
-0.377219
-0.380462
-0.383476
-0.386257
-0.388790
-0.391061
-0.393076
-0.394834
-0.396331
-0.397581
-0.398606
-0.399397
-0.399933
-0.400223
-0.400281
-0.400096
-0.399657
-0.398926
-0.397858
-0.396466
-0.394773
-0.392729
-0.390236
-0.387248
-0.383748
-0.379693
-0.375021
-0.369701
-0.363793
-0.357441
-0.350727
-0.343626
-0.336111
-0.328175
-0.319792
-0.310949
-0.301658
-0.291917
-0.281719
-0.271063
-0.259959
-0.248408
-0.236387
-0.223869
-0.210837
-0.197282
-0.183212
-0.168647
-0.153596
-0.138061
-0.122036
-0.105503
-0.088457
-0.070921
-0.052953
-0.034630
-0.016031
0.002787
0.021771
0.040866
0.060018
0.079173
0.098265
0.117244
0.136085
0.154718
0.173024
0.190901
0.208281
0.225102
0.241318
0.256854
0.271599
0.285483
0.298475
0.310546
0.321669
0.331819
0.340964
0.349079
0.356134
0.362138
0.367176
0.371386
0.374920
0.377871
0.380278
0.382181
0.383627
0.384666
0.385354
0.385748
0.385898
0.385845
0.385619
0.385243
0.384729
0.384072
0.383255
0.382251
0.381020
0.379537
0.377792
0.375753
0.373371
0.370616
0.367431
0.363804
0.359867
0.355754
0.351521
0.347213
0.342875
0.338525
0.334165
0.329815
0.325515
0.321294
0.317155
0.313086
0.309087
0.305156
0.301281
0.297447
0.293648
0.289886
0.286154
0.282433
0.278694
0.274907
0.271092
0.267325
0.263667
0.260159
0.256836
0.253700
0.250746
0.247975
0.245372
0.242898
0.240530
0.238285
0.236193
0.234274
0.232539
0.231015
0.229737
0.228742
0.228088
0.227804
0.227874
0.228309
0.229191
0.230619
0.232643
0.235253
0.238424
0.242142
0.246415
0.251261
0.256693
0.262714
0.269320
0.276505
0.284284
0.292731
0.301932
0.311845
0.322268
0.332993
0.344057
0.355648
0.367746
0.380161
0.392824
0.405745
0.418865
0.432105
0.445402
0.458671
0.471818
0.484757
0.497436
0.509826
0.521894
0.533590
0.544867
0.555688
0.566024
0.575844
0.585109
0.593780
0.601816
0.609176
0.615826
0.621720
0.626808
0.631053
0.634436
0.636926
0.638453
0.638882
0.638050
0.635916
0.632513
0.627858
0.621968
0.614884
0.606673
0.597432
0.587287
0.576431
0.565132
0.553469
0.541100
0.527703
0.513389
0.498433
0.482971
0.467024
0.450654
0.433963
0.417030
0.399932
0.382760
0.365609
0.348547
0.331599
0.314787
0.298190
0.281939
0.266154
0.250897
0.236252
0.222379
0.209426
0.197467
0.186551
0.176732
0.168008
0.160316
0.153647
0.148030
0.143463
0.139926
0.137400
0.135878
0.135367
0.135871
0.137379
0.139873
0.143331
0.147729
0.153042
0.159245
0.166305
0.174195
0.182911
0.192434
0.202702
0.213610
0.225028
0.236822
0.248859
0.261015
0.273152
0.285123
0.296814
0.308157
0.319088
0.329564
0.339508
0.348663
0.356664
0.363271
0.368393
0.371968
0.373943
0.374301
0.373091
0.370359
0.366087
0.360227
0.352751
0.343657
0.332945
0.320621
0.306687
0.291173
0.274146
0.255682
0.235863
0.214792
0.192595
0.169395
0.145317
0.120489
0.095059
0.069174
0.042974
0.016603
-0.009785
-0.036036
-0.062018
-0.087592
-0.112594
-0.136867
-0.160271
-0.182627
-0.203692
-0.223250
-0.241187
-0.257438
-0.271908
-0.284468
-0.295003
-0.303415
-0.309613
-0.313510
-0.315024
-0.314090
-0.310679
-0.304781
-0.296386
-0.285483
-0.272081
-0.256226
-0.237994
-0.217463
-0.194698
-0.169761
-0.142726
-0.113677
-0.082705
-0.049916
-0.015433
0.020618
0.058091
0.096813
0.136604
0.177288
0.218679
0.260590
0.302831
0.345200
0.387503
0.429570
0.471219
0.512175
0.552128
0.590793
0.627913
0.663314
0.696861
0.728383
0.757720
0.784732
0.809295
0.831318
0.850729
0.867442
0.881360
0.892393
0.900470
0.905547
0.907609
0.906673
0.902772
0.895952
0.886274
0.873810
0.858648
0.840891
0.820664
0.798111
0.773379
0.746613
0.717964
0.687599
0.655692
0.622421
0.587967
0.552510
0.516237
0.479340
0.442010
0.404432
0.366766
0.329127
0.291619
0.254383
0.217631
0.181626
0.146631
0.112875
0.080514
0.049638
0.020322
-0.007351
-0.033304
-0.057471
-0.079809
-0.100301
-0.118954
-0.135811
-0.150876
-0.164083
-0.175369
-0.184702
-0.192099
-0.197642
-0.201433
-0.203583
-0.204216
-0.203446
-0.201371
-0.198082
-0.193677
-0.188278
-0.182029
-0.175075
-0.167530
-0.159483
-0.151028
-0.142280
-0.133337
-0.124263
-0.115144
-0.106076
-0.097132
-0.088391
-0.079826
-0.071250
-0.062539
-0.053739
-0.044982
-0.036369
-0.027929
-0.019678
-0.011637
-0.003837
0.003680
0.010854
0.017624
0.023932
0.029716
0.034902
0.039379
0.043052
0.046145
0.049179
0.052455
0.055988
0.059808
0.064008
0.068666
0.073776
0.079331
0.085409
0.092125
0.099603
0.108005
0.117534
0.128393
0.140739
0.154652
0.170132
0.187151
0.205724
0.225949
0.247903
0.271580
0.296993
0.324226
0.353330
0.384256
0.416917
0.451202
0.486958
0.524044
0.562315
0.601548
0.641499
0.681957
0.722675
0.763258
0.803165
0.841913
0.879212
0.914825
0.948492
0.979979
1.009063
1.035555
1.059302
1.080171
1.098090
1.113047
1.124874
1.133419
1.138686
1.140575
1.139177
1.134680
1.126917
1.115667
1.100971
1.083015
1.062031
1.038268
1.011836
0.982819
0.951420
0.917865
0.882379
0.845232
0.806681
0.766970
0.726369
0.685119
0.643393
0.601359
0.559221
0.517155
0.475304
0.433895
0.393224
0.353509
0.314892
0.277549
0.241724
0.207654
0.175476
0.145248
0.117017
0.090836
0.066767
0.044880
0.025228
0.007836
-0.007262
-0.020000
-0.030321
-0.038206
-0.043656
-0.046631
-0.047087
-0.045023
-0.040444
-0.033386
-0.023974
-0.012374
0.001242
0.016639
0.033528
0.051670
0.070842
0.090833
0.111400
0.132190
0.152984
0.173606
0.193692
0.212821
0.230666
0.246955
0.261414
0.273802
0.283983
0.291960
0.297810
0.301728
0.303918
0.304368
0.302985
0.299774
0.294785
0.288107
0.279855
0.270154
0.259134
0.246927
0.233665
0.219520
0.204709
0.189442
0.173872
0.158113
0.142295
0.126555
0.111018
0.095774
0.080914
0.066533
0.052709
0.039509
0.027002
0.015235
0.004225
-0.006025
-0.015515
-0.024245
-0.032189
-0.039323
-0.045689
-0.051316
-0.056154
-0.060158
-0.063402
-0.065965
-0.067830
-0.069085
-0.069833
-0.070104
-0.070000
-0.069627
-0.069170
-0.068908
-0.068888
-0.068935
-0.068926
-0.068794
-0.068516
-0.068174
-0.067919
-0.067840
-0.067825
-0.067731
-0.067556
-0.067295
-0.066915
-0.066404
-0.065748
-0.064917
-0.063892
-0.062663
-0.061217
-0.059552
-0.057662
-0.055532
-0.053146
-0.050493
-0.047549
-0.044299
-0.040728
-0.036797
-0.032444
-0.027640
-0.022372
-0.016619
-0.010372
-0.003626
0.003631
0.011411
0.019728
0.028593
0.038000
0.047885
0.058142
0.068704
0.079538
0.090609
0.101870
0.113274
0.124764
0.136264
0.147678
0.158915
0.169891
0.180516
0.190722
0.200493
0.209793
0.218586
0.226956
0.235089
0.243098
0.250832
0.258046
0.264554
0.270263
0.275162
0.279239
0.282493
0.284940
0.286588
0.287434
0.287482
0.286733
0.285190
0.282854
0.279722
0.275796
0.271090
0.265622
0.259403
0.252466
0.244860
0.236631
0.227827
0.218480
0.208597
0.198210
0.187389
0.176218
0.164768
0.153062
0.141067
0.128768
0.116207
0.103466
0.090623
0.077748
0.064905
0.052107
0.039316
0.026538
0.013849
0.001327
-0.010997
-0.023145
-0.035180
-0.047160
-0.059057
-0.070798
-0.082310
-0.093494
-0.104317
-0.114752
-0.124700
-0.134136
-0.143106
-0.151663
-0.159872
-0.167764
-0.175325
-0.182553
-0.189494
-0.196212
-0.202744
-0.209107
-0.215337
-0.221476
-0.227553
-0.233595
-0.239627
-0.245667
-0.251730
-0.257827
-0.263966
-0.270155
-0.276397
-0.282700
-0.289078
-0.295534
-0.302043
-0.308568
-0.315070
-0.321498
-0.327818
-0.334026
-0.340123
-0.346091
-0.351905
-0.357564
-0.363050
-0.368308
-0.373260
-0.377780
-0.381743
-0.385137
-0.388059
-0.390636
-0.392988
-0.395171
-0.397179
-0.399001
-0.400630
-0.402043
-0.403209
-0.404091
-0.404641
-0.404808
-0.404538
-0.403767
-0.402439
-0.400505
-0.397923
-0.394618
-0.390471
-0.385376
-0.379274
-0.372149
-0.363927
-0.354404
-0.343400
-0.330852
-0.316701
-0.300865
-0.283256
-0.263813
-0.242564
-0.219580
-0.194885
-0.168421
-0.140104
-0.109898
-0.077835
-0.044004
-0.008484
0.028703
0.067551
0.108033
0.150108
0.193723
0.238804
0.285254
0.332977
0.381874
0.431836
0.482741
0.534456
0.586834
0.639716
0.692932
0.746304
0.799669
0.852862
0.905679
0.957882
1.009210
1.059388
1.108172
1.155354
1.200735
1.244141
1.285405
1.324334
1.360735
1.394451
1.425341
1.453289
1.478174
1.499789
1.517903
1.532326
1.542896
1.549530
1.552192
1.550840
1.545468
1.536104
1.522803
1.505656
1.484792
1.460375
1.432607
1.401754
1.368097
1.331760
1.292759
1.251262
1.207563
1.161934
1.114626
1.065860
1.015853
0.964824
0.912996
0.860608
0.807905
0.755179
0.702784
0.651083
0.600434
0.551169
0.503545
0.457760
0.414003
0.372490
0.333423
0.296958
0.263215
0.232287
0.204235
0.179090
0.156861
0.137538
0.121110
0.107532
0.096714
0.088596
0.083113
0.080153
0.079596
0.081366
0.085406
0.091581
0.099703
0.109584
0.121017
0.133767
0.147610
0.162427
0.178153
0.194656
0.211787
0.229369
0.247217
0.265350
0.283886
0.302683
0.321402
0.339768
0.357606
0.374818
0.391349
0.407109
0.421983
0.435859
0.448623
0.460153
0.470321
0.478976
0.486016
0.491525
0.495958
0.499957
0.503833
0.507662
0.511657
0.516163
0.521551
0.528107
0.535995
0.545303
0.556159
0.568820
0.583587
0.600724
0.620487
0.643088
0.668591
0.696942
0.728097
0.762107
0.799064
0.838992
0.881829
0.927446
0.975639
1.026100
1.078488
1.132471
1.187649
1.243592
1.299912
1.356162
1.411789
1.466211
1.518851
1.569236
1.616965
1.661609
1.702749
1.740003
1.773025
1.801520
1.825269
1.844117
1.857904
1.866490
1.869844
1.867975
1.860783
1.848094
1.829875
1.806224
1.777325
1.743649
1.705701
1.663560
1.617167
1.566787
1.512977
1.456225
1.396812
1.335065
1.271390
1.206150
1.139730
1.072574
1.005123
0.937754
0.870772
0.804463
0.739104
0.675048
0.612729
0.552529
0.494828
0.440064
0.388590
0.340592
0.296149
0.255368
0.218418
0.185439
0.156507
0.131682
0.110981
0.094356
0.081732
0.073024
0.068122
0.066905
0.069255
0.075055
0.084192
0.096535
0.111968
0.130403
0.151725
0.175766
0.202303
0.231083
0.261885
0.294467
0.328464
0.363504
0.399300
0.435578
0.471973
0.508194
0.543963
0.578622
0.611488
0.642154
0.670250
0.695359
0.717032
0.734857
0.748702
0.758785
0.765314
0.768385
0.768097
0.764469
0.757545
0.747467
0.734391
0.718498
0.699992
0.679065
0.655959
0.631032
0.604666
0.577189
0.548839
0.519800
0.490300
0.460604
0.430979
0.401689
0.372983
0.345107
0.318297
0.292739
0.268557
0.245842
0.224733
0.205365
0.187788
0.172029
0.158095
0.145981
0.135681
0.127133
0.120287
0.115146
0.111664
0.109626
0.108782
0.109050
0.110446
0.112989
0.116805
0.121987
0.128262
0.135279
0.142946
0.151177
0.159777
0.168578
0.177549
0.186623
0.195549
0.204104
0.212208
0.219827
0.226887
0.233300
0.239026
0.244040
0.248281
0.251693
0.254235
0.255876
0.256598
0.256387
0.255195
0.252933
0.249526
0.244931
0.239125
0.232084
0.223772
0.214193
0.203373
0.191356
0.178250
0.164200
0.149320
0.133665
0.117288
0.100257
0.082641
0.064501
0.045915
0.026975
0.007767
-0.011624
-0.031112
-0.050614
-0.070038
-0.089293
-0.108298
-0.126986
-0.145270
-0.163034
-0.180185
-0.196656
-0.212410
-0.227432
-0.241682
-0.255126
-0.267728
-0.279443
-0.290421
-0.300976
-0.311373
-0.321778
-0.332240
-0.342825
-0.353660
-0.364816
-0.376298
-0.388104
-0.400261
-0.412801
-0.425750
-0.439116
-0.452868
-0.466946
-0.481274
-0.495778
-0.510375
-0.524985
-0.539523
-0.553886
-0.567971
-0.581687
-0.594936
-0.607598
-0.619532
-0.630581
-0.640624
-0.649583
-0.657379
-0.663903
-0.669025
-0.672659
-0.674794
-0.675407
-0.674431
-0.671803
-0.667500
-0.661527
-0.653883
-0.644556
-0.633543
-0.620851
-0.606482
-0.590398
-0.572565
-0.553017
-0.531893
-0.509377
-0.485623
-0.460804
-0.435118
-0.408727
-0.381767
-0.354385
-0.326742
-0.299022
-0.271441
-0.244205
-0.217483
-0.191429
-0.166205
-0.141993
-0.118976
-0.097310
-0.077166
-0.058737
-0.042199
-0.027691
-0.015333
-0.005233
0.002543
0.007961
0.010984
0.011602
0.009816
0.005531
-0.001312
-0.010647
-0.022398
-0.036502
-0.052882
-0.071465
-0.092176
-0.114885
-0.139427
-0.165628
-0.193303
-0.222272
-0.252353
-0.283362
-0.315107
-0.347403
-0.380061
-0.412889
-0.445692
-0.478290
-0.510492
-0.542067
-0.572764
-0.602347
-0.630622
-0.657434
-0.682637
-0.706088
-0.727667
-0.747273
-0.764810
-0.780203
-0.793382
-0.804296
-0.812911
-0.819206
-0.823173
-0.824811
-0.824136
-0.821176
-0.815972
-0.808583
-0.799085
-0.787546
-0.774048
-0.758695
-0.741587
-0.722842
-0.702587
-0.680950
-0.658069
-0.634089
-0.609165
-0.583450
-0.557090
-0.530232
-0.503035
-0.475655
-0.448257
-0.421019
-0.394100
-0.367552
-0.341338
-0.315434
-0.289909
-0.264960
-0.240825
-0.217641
-0.195480
-0.174447
-0.154646
-0.136151
-0.119005
-0.103234
-0.088848
-0.075834
-0.064157
-0.053784
-0.044694
-0.036888
-0.030336
-0.024965
-0.020695
-0.017458
-0.015196
-0.013852
-0.013354
-0.013620
-0.014524
-0.015880
-0.017522
-0.019337
-0.021229
-0.023103
-0.024844
-0.026312
-0.027369
-0.027902
-0.027814
-0.027014
-0.025415
-0.022950
-0.019571
-0.015232
-0.009886
-0.003506
0.003905
0.012326
0.021732
0.032089
0.043353
0.055465
0.068354
0.081944
0.096151
0.110884
0.126037
0.141492
0.157131
0.172839
0.188502
0.204014
0.219280
0.234211
0.248694
0.262584
0.275754
0.288119
0.299646
0.310392
0.320439
0.329724
0.338042
0.345174
0.350992
0.355504
0.358781
0.360838
0.361661
0.361263
0.359659
0.356868
0.352907
0.347802
0.341592
0.334325
0.326052
0.316828
0.306738
0.295887
0.284375
0.272296
0.259720
0.246736
0.233479
0.220094
0.206710
0.193433
0.180363
0.167596
0.155218
0.143308
0.131956
0.121242
0.111225
0.101945
0.093440
0.085747
0.078896
0.072909
0.067805
0.063601
0.060310
0.057939
0.056498
0.055997
0.056454
0.057902
0.060371
0.063845
0.068266
0.073587
0.079789
0.086838
0.094689
0.103294
0.112590
0.122506
0.132968
0.143909
0.155280
0.167067
0.179252
0.191724
0.204274
0.216701
0.228921
0.240947
0.252781
0.264382
0.275661
0.286507
0.296817
0.306506
0.315522
0.323829
0.331393
0.338178
0.344149
0.349330
0.353844
0.357813
0.361267
0.364201
0.366661
0.368709
0.370384
0.371741
0.372823
0.373644
0.374223
0.374618
0.374904
0.375150
0.375421
0.375789
0.376339
0.377141
0.378231
0.379635
0.381377
0.383482
0.385977
0.388888
0.392247
0.396094
0.400456
0.405352
0.410788
0.416746
0.423216
0.430213
0.437738
0.445745
0.454196
0.463094
0.472394
0.481928
0.491558
0.501237
0.510934
0.520589
0.530126
0.539498
0.548695
0.557711
0.566525
0.575076
0.583273
0.591037
0.598364
0.605309
0.611932
0.618249
0.624150
0.629509
0.634290
0.638414
0.641783
0.644373
0.646195
0.647246
0.647524
0.647030
0.645780
0.643794
0.641086
0.637682
0.633628
0.628951
0.623663
0.617788
0.611351
0.604384
0.596930
0.589036
0.580744
0.572091
0.563103
0.553821
0.544320
0.534677
0.524943
0.515175
0.505452
0.495856
0.486440
0.477223
0.468200
0.459369
0.450754
0.442392
0.434308
0.426528
0.419076
0.411977
0.405250
0.398910
0.392963
0.387411
0.382251
0.377484
0.373109
0.369116
0.365486
0.362202
0.359250
0.356622
0.354311
0.352285
0.350495
0.348903
0.347473
0.346168
0.344942
0.343748
0.342547
0.341268
0.339796
0.338029
0.335926
0.333513
0.330763
0.327541
0.323720
0.319270
0.314228
0.308641
0.302546
0.295971
0.288922
0.281387
0.273367
0.264887
0.255975
0.246636
0.236892
0.226767
0.216247
0.205336
0.194071
0.182511
0.170734
0.158832
0.146902
0.135022
0.123256
0.111689
0.100410
0.089491
0.078973
0.068890
0.059297
0.050260
0.041849
0.034132
0.027172
0.021029
0.015772
0.011466
0.008172
0.005956
0.004892
0.005036
0.006440
0.009095
0.012905
0.017801
0.023770
0.030814
0.038949
0.048172
0.058449
0.069744
0.082014
0.095206
0.109254
0.124084
0.139606
0.155721
0.172328
0.189325
0.206626
0.224137
0.241745
0.259348
0.276839
0.294085
0.310949
0.327326
0.343182
0.358473
0.373054
0.386762
0.399496
0.411171
0.421698
0.430997
0.439000
0.445655
0.450907
0.454719
0.457081
0.457943
0.457182
0.454701
0.450470
0.444480
0.436742
0.427278
0.416101
0.403237
0.388718
0.372570
0.354825
0.335530
0.314760
0.292612
0.269214
0.244695
0.219151
0.192680
0.165427
0.137558
0.109206
0.080462
0.051415
0.022176
-0.007133
-0.036379
-0.065429
-0.094153
-0.122427
-0.150132
-0.177163
-0.203421
-0.228806
-0.253210
-0.276522
-0.298652
-0.319508
-0.338988
-0.356995
-0.373455
-0.388319
-0.401557
-0.413133
-0.423035
-0.431293
-0.437922
-0.442911
-0.446277
-0.448076
-0.448373
-0.447214
-0.444624
-0.440680
-0.435485
-0.429076
-0.421470
-0.412711
-0.402838
-0.391916
-0.380038
-0.367294
-0.353808
-0.339714
-0.325077
-0.309844
-0.293888
-0.277139
-0.259680
-0.241675
-0.223237
-0.204412
-0.185228
-0.165710
-0.145931
-0.126041
-0.106242
-0.086706
-0.067517
-0.048721
-0.030374
-0.012555
0.004651
0.021164
0.036909
0.051820
0.065840
0.078912
0.090936
0.101783
0.111341
0.119529
0.126302
0.131646
0.135548
0.137980
0.138904
0.138265
0.136010
0.132101
0.126538
0.119380
0.110689
0.100475
0.088751
0.075563
0.061000
0.045171
0.028123
0.009889
-0.009283
-0.029086
-0.049502
-0.070736
-0.092997
-0.116316
-0.140445
-0.165108
-0.190138
-0.215447
-0.240970
-0.266565
-0.292064
-0.317304
-0.342095
-0.366263
-0.389662
-0.412157
-0.433611
-0.453874
-0.472779
-0.490178
-0.505959
-0.520042
-0.532341
-0.542742
-0.551130
-0.557412
-0.561538
-0.563483
-0.563224
-0.560749
-0.556051
-0.549126
-0.539980
-0.528645
-0.515164
-0.499574
-0.481924
-0.462273
-0.440688
-0.417246
-0.392030
-0.365133
-0.336662
-0.306740
-0.275507
-0.243107
-0.209688
-0.175409
-0.140466
-0.105077
-0.069452
-0.033782
0.001742
0.036946
0.071738
0.106187
0.140216
0.173429
0.205530
0.236456
0.266189
0.294616
0.321567
0.346915
0.370532
0.392296
0.412115
0.429915
0.445628
0.459197
0.470580
0.479757
0.486728
0.491499
0.494078
0.494484
0.492742
0.488886
0.482953
0.474988
0.465045
0.453179
0.439455
0.423943
0.406719
0.387866
0.367469
0.345618
0.322406
0.297928
0.272295
0.245630
0.218057
0.189698
0.160738
0.131380
0.101717
0.071807
0.041806
0.011858
-0.017902
-0.047240
-0.075968
-0.104136
-0.131957
-0.159569
-0.186828
-0.213367
-0.238865
-0.263146
-0.286072
-0.307519
-0.327392
-0.345578
-0.361925
-0.376287
-0.388545
-0.398593
-0.406360
-0.411817
-0.414943
-0.415726
-0.414163
-0.410260
-0.404038
-0.395529
-0.384772
-0.371817
-0.356719
-0.339546
-0.320375
-0.299292
-0.276388
-0.251757
-0.225509
-0.197773
-0.168676
-0.138352
-0.106976
-0.074747
-0.041848
-0.008425
0.025431
0.059678
0.094283
0.129165
0.164146
0.199037
0.233714
0.268072
0.302004
0.335394
0.368051
0.399641
0.429856
0.458614
0.485932
0.511809
0.536165
0.558881
0.579882
0.599114
0.616565
0.632242
0.646144
0.658282
0.668683
0.677377
0.684409
0.689835
0.693711
0.696085
0.697022
0.696594
0.694868
0.691910
0.687779
0.682535
0.676240
0.668962
0.660766
0.651717
0.641875
0.631280
0.619966
0.607965
0.595316
0.582082
0.568342
0.554127
0.539456
0.524399
0.509078
0.493696
0.478506
0.463654
0.449059
0.434472
0.419759
0.405062
0.390602
0.376504
0.362846
0.349706
0.337142
0.325192
0.313882
0.303236
0.293279
0.284046
0.275552
0.267808
0.260836
0.254659
0.249289
0.244711
0.240904
0.237867
0.235629
0.234236
0.233714
0.234076
0.235334
0.237487
0.240478
0.244241
0.248716
0.253845
0.259561
0.265791
0.272471
0.279548
0.286971
0.294675
0.302598
0.310697
0.318926
0.327230
0.335554
0.343842
0.352041
0.360099
0.367969
0.375612
0.382993
0.390074
0.396806
0.403121
0.408943
0.414193
0.418909
0.423197
0.426897
0.429738
0.431596
0.432388
0.432033
0.430531
0.427975
0.424505
0.420237
0.415221
0.409461
0.402944
0.395659
0.387610
0.378829
0.369372
0.359299
0.348689
0.337647
0.326275
0.314658
0.302891
0.291081
0.279309
0.267627
0.256103
0.244829
0.233906
0.223425
0.213477
0.204155
0.195549
0.187742
0.180816
0.174854
0.169941
0.166112
0.163331
0.161566
0.160842
0.161232
0.162790
0.165486
0.169282
0.174168
0.180120
0.187087
0.195011
0.203821
0.213435
0.223780
0.234776
0.246347
0.258480
0.271232
0.284535
0.298193
0.312095
0.326152
0.340188
0.354010
0.367480
0.380502
0.392969
0.404777
0.415856
0.426119
0.435436
0.443682
0.450782
0.456689
0.461343
0.464674
0.466633
0.467187
0.466307
0.463966
0.460132
0.454782
0.447911
0.439528
0.429628
0.418218
0.405316
0.390973
0.375273
0.358303
0.340137
0.320870
0.300623
0.279521
0.257674
0.235184
0.212148
0.188670
0.164860
0.140835
0.116714
0.092628
0.068712
0.045113
0.021978
-0.000556
-0.022371
-0.043360
-0.063414
-0.082448
-0.100404
-0.117227
-0.132884
-0.147427
-0.160920
-0.173373
-0.184829
-0.195392
-0.205121
-0.213971
-0.221909
-0.228951
-0.235116
-0.240400
-0.244759
-0.248134
-0.250422
-0.251520
-0.251398
-0.250073
-0.247576
-0.243957
-0.239275
-0.233567
-0.226864
-0.219192
-0.210567
-0.201008
-0.190537
-0.179179
-0.166958
-0.153897
-0.140014
-0.125301
-0.109757
-0.093440
-0.076442
-0.058841
-0.040712
-0.022136
-0.003192
0.016051
0.035533
0.055188
0.074935
0.094701
0.114392
0.133890
0.153080
0.171884
0.190253
0.208114
0.225349
0.241778
0.257188
0.271422
0.284389
0.296016
0.306236
0.314991
0.322223
0.327872
0.331881
0.334206
0.334854
0.333858
0.331183
0.326718
0.320342
0.311974
0.301687
0.289692
0.276146
0.261134
0.244685
0.226744
0.207296
0.186420
0.164240
0.140906
0.116538
0.091232
0.065123
0.038346
0.011031
-0.016689
-0.044691
-0.072871
-0.101122
-0.129333
-0.157400
-0.185197
-0.212571
-0.239393
-0.265550
-0.290886
-0.315245
-0.338513
-0.360613
-0.381480
-0.401062
-0.419301
-0.436124
-0.451457
-0.465238
-0.477401
-0.487872
-0.496593
-0.503547
-0.508743
-0.512190
-0.513903
-0.513899
-0.512194
-0.508807
-0.503765
-0.497109
-0.488881
-0.479143
-0.468015
-0.455608
-0.442007
-0.427340
-0.411757
-0.395360
-0.378174
-0.360254
-0.341718
-0.322715
-0.303434
-0.284016
-0.264559
-0.245171
-0.225967
-0.207077
-0.188642
-0.170829
-0.153766
-0.137443
-0.121734
-0.106519
-0.091809
-0.077737
-0.064415
-0.051842
-0.039960
-0.028712
-0.018046
-0.007953
0.001539
0.010418
0.018719
0.026514
0.033869
0.040841
0.047487
0.053871
0.060061
0.066126
0.072093
0.077965
0.083743
0.089454
0.095164
0.100935
0.106795
0.112734
0.118721
0.124758
0.130916
0.137266
0.143816
0.150558
0.157499
0.164641
0.171968
0.179451
0.186938
0.194135
0.200860
0.207083
0.212778
0.217912
0.222482
0.226511
0.230040
0.233112
0.235790
0.238158
0.240163
0.241674
0.242661
0.243056
0.242758
0.241749
0.240059
0.237722
0.234758
0.231195
0.227070
0.222402
0.217192
0.211487
0.205359
0.198861
0.192034
0.184918
0.177565
0.170029
0.162353
0.154565
0.146681
0.138724
0.130709
0.122621
0.114438
0.106170
0.097849
0.089523
0.081268
0.073152
0.065230
0.057568
0.050232
0.043264
0.036681
0.030486
