329125.500000
329815.587270
330769.307660
332004.592381
333263.467479
334425.884091
335444.166122
336204.457964
336625.817117
336712.247810
336497.208951
336011.939305
335311.952078
334463.822042
333506.009718
332560.491831
331774.665329
331193.865909
330831.635822
330703.102268
330801.075433
331081.758977
331499.275863
331993.474194
332521.405446
333041.497072
333515.706788
333903.411496
334172.255863
334305.369797
334299.089012
334159.042342
333896.962645
333541.282492
333142.127844
332759.704646
332434.994265
332187.629586
332022.726750
331937.268615
331921.653517
331960.854316
332038.530990
332142.212228
332263.540374
332394.131715
332524.260763
332643.758579
332743.816148
332821.099745
332875.688442
332913.108536
332947.918249
332996.458624
333076.369132
333200.891812
333376.107116
333599.402862
333859.455665
334134.355762
334393.561266
334609.171772
334754.135198
334811.360658
334768.039155
334604.840340
334311.773385
333893.951074
333365.954066
332756.666046
332102.507459
331447.451336
330847.428925
330364.820420
330050.953560
329948.652348
330066.583808
330406.143877
330950.914797
331656.636353
332476.868205
333354.469220
334206.308859
334990.900566
335656.317922
336167.018951
336483.203989
336592.559185
336489.939910
336191.050767
335720.419416
335120.108714
334435.215099
333727.340004
333043.841949
332419.319698
331881.015356
331450.158281
331150.637799
330981.965998
330933.406803
330989.077620
331129.510839
331345.903632
331602.237003
331888.334897
332200.434116
332535.054265
332893.665829
333284.002294
333697.690725
334127.405254
334565.048985
335000.712674
335419.932981
335807.150812
336134.566315
336362.741538
336459.747871
336408.683099
336214.865191
335871.530055
335366.390049
334697.389009
333894.124601
333010.595603
332103.660623
331229.034387
330432.814073
329758.990487
329257.867984
328974.316493
328925.553181
329111.384650
329522.613829
330137.116417
330918.421822
331814.789480
332766.822823
333718.845393
334617.232367
335402.791060
336022.070170
336447.077936
336668.910017
336683.350082
336493.405414
336122.238848
335598.982807
334964.276316
334256.585192
333521.654303
332812.328609
332180.118117
331669.223248
331308.063629
331103.894868
331045.244958
331110.712456
331275.646940
331511.418222
331783.436525
332054.885650
332304.713970
332501.529002
332638.632386
332718.058008
332738.263523
332708.152240
332647.425989
332601.326442
332610.518087
332713.262745
332932.298796
333265.848137
333688.273330
334172.456486
334661.018627
335126.137429
335526.389210
335828.670669
336008.884751
336054.994152
335969.711836
335767.602975
335462.569951
335068.593387
334616.052303
334144.181641
333669.867427
333209.957518
332791.607923
332423.111847
332107.423892
331849.323117
331650.791909
331518.472710
331453.346617
331468.345473
331570.113948
331753.551536
332031.642829
332405.497057
332867.838399
333396.883177
333963.250254
334541.893232
335111.767670
335638.181386
336086.777245
336436.319835
336680.504202
336793.162758
336754.255375
336571.049229
336273.355055
335860.764512
335315.504084
334628.565895
333817.308812
332920.435186
331991.587437
331093.228310
330291.928013
329625.498636
329131.714613
328865.263675
328869.648749
329147.146617
329690.066684
330471.099470
331440.465059
332527.390194
333647.399719
334726.425261
335703.346870
336508.973046
337077.366523
337383.111348
337418.139951
337177.859581
336692.280803
336008.728903
335170.798802
334226.865137
333233.707141
332252.867021
331340.045172
330555.229001
329955.995777
329578.986983
329434.728561
329512.465222
329801.289245
330281.377114
330920.510060
331670.237101
332478.253738
333290.245858
334054.396918
334728.254596
335275.474018
335660.228728
335864.302271
335887.524828
335750.538192
335478.120987
335092.259479
334615.674318
334067.654356
333473.176639
332866.634139
332284.095430
331760.240250
331328.140924
331006.003129
330814.981764
330762.984471
330859.498195
331099.163026
331442.878942
331850.973490
332295.975895
332762.954467
333224.003778
333653.368472
334034.346483
334362.419680
334630.707181
334828.573176
334955.749542
335015.258387
335003.242321
334912.696355
334733.783546
334455.260947
334073.341352
333595.176079
333039.867562
332437.689497
331831.570275
331271.445685
330808.774276
330488.502170
330342.371568
330384.004635
330620.324698
331042.345377
331623.581833
332322.558340
333075.114060
333834.743119
334550.147213
335163.177490
335630.341037
335930.994526
336047.386897
335977.859472
335728.286197
335330.426003
334805.958445
334203.259223
333561.467815
332917.761164
332313.629592
331792.959199
331382.054410
331100.908271
330957.982702
330955.252649
331072.274999
331303.229182
331628.487930
332016.567344
332439.297256
332880.993480
333314.769769
333719.388054
334087.690403
334407.951210
334675.913015
334893.699518
335057.648520
335162.673402
335205.471636
335181.574018
335085.885148
334919.535560
334674.758867
334358.273496
333979.801295
333551.470751
333089.584430
332617.327014
332162.976858
331749.780540
331401.967028
331141.233548
330988.208497
330952.676073
331038.496694
331251.342240
331583.926197
332016.368436
332527.750912
333094.726582
333677.577853
334235.592253
334729.829785
335129.354849
335412.386269
335569.707463
335593.769225
335479.597624
335229.705053
334851.716952
334368.411217
333807.852889
333204.008095
332594.606798
332020.444084
331523.818908
331142.169403
330893.995542
330786.040688
330820.378238
330984.837979
331255.303282
331603.040604
332001.884299
332431.595301
332874.514046
333306.889240
333704.931552
334041.734951
334302.199136
334473.408176
334548.271533
334526.034245
334419.149344
334250.302179
334041.146501
333814.812704
333589.771497
333379.597591
333191.875272
333032.058007
332900.952873
332795.566408
332713.389091
332655.863088
332619.603010
332603.948186
332597.070323
332590.739422
332573.628443
332549.450946
332523.297903
332503.969968
332507.010964
332552.611208
332651.239154
332801.544214
332993.612794
333217.703157
333459.750661
333702.667238
333928.588365
334118.539998
334247.352165
334302.334397
334276.726627
334168.730550
333985.210975
333738.432256
333447.793198
333141.650953
332843.397198
332580.364686
332368.032000
332222.151203
332149.306668
332132.103832
332171.842468
332263.690051
332405.466819
332585.270861
332787.966303
333006.493191
333233.723040
333460.135925
333673.698315
333869.417978
334034.227651
334150.283369
334204.679615
334193.448669
334111.235505
333959.616941
333745.787232
333477.760422
333163.393625
332814.439493
332449.440115
332094.414126
331780.914893
331540.762423
331400.913163
331382.526183
331498.586451
331750.618905
332127.601924
332607.782903
333159.093918
333726.704262
334269.648851
334747.338929
335131.719071
335388.111734
335494.709607
335447.615924
335250.640117
334910.854538
334455.089668
333911.936019
333298.516811
332654.679050
332021.066539
331449.878977
330974.293780
330624.756384
330429.595610
330401.909948
330540.979457
330842.340815
331294.431368
331859.123112
332505.680418
333197.750185
333890.911848
