647.985222
647.743785
647.370338
646.879245
646.264742
645.500266
644.607805
643.586801
642.292677
640.535262
638.489718
636.200997
633.672941
630.912360
627.482335
623.728117
619.761360
615.659843
611.463136
607.216916
602.971965
598.743208
594.539491
590.370143
586.247743
582.161700
578.086334
574.029274
570.006140
566.029799
562.110796
558.268644
554.520780
550.882503
547.385208
544.053094
540.894895
537.917767
535.131489
532.540479
530.147325
527.954663
525.963747
524.175382
522.589060
521.206547
520.026290
519.046232
518.263538
517.673475
517.275520
517.062550
517.036168
517.190988
517.518292
518.015938
518.678556
519.494157
520.461286
521.570366
522.817206
524.195772
525.698641
527.321024
529.057853
530.916857
532.905753
535.022110
537.261900
539.619800
542.085820
544.646478
547.286325
549.987691
552.732061
555.501808
558.249304
560.941226
563.571692
566.129964
568.604598
570.989189
573.279499
575.470841
577.559811
579.543009
581.411117
583.164274
584.801233
586.319482
587.714876
588.983993
590.122884
591.128370
591.997792
592.729020
593.320576
593.770519
594.077378
594.240992
594.262349
594.137481
593.872273
593.470570
592.935461
592.270633
591.481027
590.575800
589.562567
588.450546
587.247982
585.963856
584.606893
583.184219
581.703479
580.172280
578.597542
576.985456
575.345959
573.681673
571.999274
570.304123
568.599590
566.887833
565.170891
563.452385
561.737929
560.032798
558.342322
556.671413
555.025492
553.410391
551.831625
550.294300
548.803869
547.365327
545.983814
544.664367
543.411697
542.229829
541.122730
540.094446
539.148593
538.288954
537.517972
536.838572
536.252995
535.762561
535.367832
535.068670
534.865254
534.757079
534.744439
534.826888
535.007350
535.282568
535.656698
536.125645
536.688253
537.343258
538.088520
538.920735
539.837745
540.835131
541.907553
543.050940
544.258601
545.524151
546.841169
548.201476
549.597444
551.019811
552.458966
553.906495
555.353927
556.794022
558.220845
559.629035
561.013305
562.369342
563.693255
564.981646
566.231226
567.439278
568.603409
569.721634
570.792101
571.813273
572.784144
573.703718
574.571690
575.387629
576.150828
576.860622
577.517243
578.120229
578.669953
579.166693
579.611556
580.005702
580.350374
580.647099
580.897734
581.104029
581.268147
581.391963
581.477567
581.527096
581.542892
581.526383
581.479037
581.402812
581.299534
581.171018
581.018952
580.845209
580.651300
580.438628
580.208324
579.961404
579.699566
579.423845
579.135957
578.837568
578.530481
578.216451
577.897315
577.574800
577.250714
576.926815
576.604790
576.286399
575.973258
575.667476
575.370657
575.084147
574.810310
574.549759
574.304686
574.075717
573.863381
573.668463
573.491633
573.333540
573.194524
573.074660
572.973944
572.892120
572.829070
572.783982
572.756884
572.746284
572.751877
572.772211
572.805606
572.850595
572.905228
572.967618
573.035586
573.107014
573.179336
573.250121
573.316929
573.376987
573.427843
573.466941
573.491529
573.499260
573.487772
573.454893
573.398360
573.316097
573.206256
573.066768
572.896827
572.694359
572.459290
572.190304
571.886711
571.548033
571.173914
570.764244
570.319183
569.839243
569.325020
568.777415
568.197750
567.587389
566.947712
566.280327
565.587115
564.870214
564.132059
563.375273
562.602840
561.818030
561.024532
560.226109
559.426580
558.630368
557.842033
557.065544
556.305192
555.564181
554.845791
554.153049
553.488738
552.855565
552.255937
551.691808
551.165482
550.678926
550.232984
549.827518
549.462500
549.137597
548.853324
548.609775
548.407910
548.248221
548.132048
548.060654
548.035432
548.057886
548.129249
548.250156
548.421548
548.644069
548.918100
549.243920
549.621554
550.050919
550.531650
551.063461
551.645744
552.277705
552.958963
553.688472
554.465358
555.289200
556.156585
557.064999
558.012311
558.995984
560.013630
561.062420
562.139699
563.242844
564.368769
565.514432
566.677199
567.853296
569.039757
570.232660
571.428035
572.621683
573.809382
574.986452
576.148157
577.289839
578.406377
579.492663
580.543635
581.554298
582.519809
583.434501
584.294362
585.096055
585.836485
586.512802
587.123246
587.669207
588.145227
588.550259
588.884236
589.146928
589.337511
589.456348
589.504062
589.481407
589.388911
589.226605
588.993775
588.690044
588.316792
587.876047
587.369895
586.799390
586.166535
585.474267
584.725082
583.922030
583.068662
582.168420
581.219504
580.229512
579.202663
578.142936
577.053575
575.939357
574.804464
573.652653
572.488132
571.314585
570.136424
568.957638
567.781948
566.602067
565.428000
564.265254
563.116832
561.983947
560.871007
559.781218
558.717188
557.681392
556.676242
555.705056
554.769865
553.872881
553.016600
552.203288
551.435134
550.714397
550.050726
549.439731
548.880635
548.375211
547.926049
547.532588
547.194911
546.918589
546.700265
546.538873
546.434492
546.387140
546.395429
546.460023
546.580321
546.756971
546.988656
547.273967
547.612065
548.001174
548.439186
548.923490
549.453280
550.027080
550.642688
551.297932
551.990143
552.717265
553.477235
554.267723
555.081796
555.920329
556.781090
557.661377
558.557310
559.465639
560.383461
561.307724
562.235446
563.163800
564.090250
565.012325
565.927685
566.834201
567.730007
568.613187
569.482151
570.335004
571.170860
571.988616
572.786677
573.563990
574.319581
575.052166
575.761404
576.446615
577.106968
577.742555
578.353140
578.938624
579.498720
580.033395
580.541893
581.027036
581.487349
581.921973
582.330768
582.714705
583.073806
583.408914
583.720701
584.010269
584.277916
584.525990
584.755585
584.967623
585.163260
585.344043
585.511220
585.665409
585.807643
585.935507
586.049806
586.152467
586.245365
586.328300
586.401974
586.467499
586.525100
586.575325
586.618292
586.654269
586.682931
586.703689
586.711784
586.714186
586.710274
586.700365
586.682734
586.657589
586.625300
586.585600
586.537824
586.481668
586.416489
586.341196
586.254872
586.157004
586.045467
585.918991
585.775737
585.613526
585.430019
585.223604
584.992484
584.734447
584.447627
584.132873
583.786533
583.406013
582.990113
582.537992
582.047959
581.519037
580.950471
580.341653
579.692075
579.001511
578.269658
577.496831
576.683091
575.828987
574.935053
574.002493
573.032521
572.025865
570.983135
569.905748
568.795062
567.652647
566.480279
565.279737
564.052985
562.802305
561.530004
560.237991
558.928607
557.604364
556.267946
554.921906
553.569216
552.213804
550.859514
549.510555
548.171735
546.848189
545.545006
544.267611
543.022042
541.814273
540.650798
539.537712
538.480454
537.483593
536.551365
535.687937
534.897233
534.182269
533.545898
532.989928
532.515916
532.124753
531.815356
531.584320
531.427695
531.345414
531.339859
531.412692
531.565751
531.800963
532.119301
532.522553
533.012531
533.590803
534.258818
535.016843
535.865638
536.809089
537.847969
538.983010
540.213507
541.538444
542.956345
544.465188
546.063280
547.747259
549.510926
551.350759
553.263687
555.245921
557.289785
559.390015
561.541396
563.738405
565.974732
568.244323
570.541598
572.860024
575.193009
577.534045
579.876543
582.214848
584.542997
586.856197
589.148297
591.414685
593.650154
595.852635
598.018215
600.141822
602.218780
604.243927
606.211037
608.114204
609.946246
611.700565
613.370590
614.948362
616.426582
617.798256
619.056971
620.196957
621.209607
622.091288
622.839024
623.450057
623.923167
624.257668
624.453040
624.510510
624.430718
624.213405
623.859152
623.365352
622.731640
621.961110
621.053231
620.010603
618.834041
617.525212
616.086909
614.523789
612.837585
611.033003
609.112963
607.082156
604.945824
602.709567
600.378277
597.958865
595.457481
592.881916
590.239539
587.537742
584.784749
581.988260
579.156064
576.296049
573.415918
570.523272
567.625077
564.728727
561.841939
558.971612
556.125235
553.310101
550.533948
547.804723
545.130874
542.521150
539.984024
537.528287
535.162514
532.895214
530.733707
528.684298
526.751520
524.939048
523.250295
521.688074
520.254936
518.952772
517.783182
516.746443
515.842845
515.073338
514.437704
513.936538
513.570654
513.339783
513.244032
513.284172
513.460036
513.773683
514.220153
514.802222
515.514856
516.354064
517.316230
518.396972
519.589961
520.891370
522.296630
523.801365
525.400916
527.090309
528.864929
530.719425
532.648203
534.647371
536.711716
538.836501
541.016528
543.246273
545.520137
547.832467
550.177184
552.548277
554.939770
557.345007
559.757391
562.170591
564.577839
566.971971
569.345615
571.691541
574.002454
576.271125
578.490696
580.654412
582.755669
584.788212
586.745814
588.622740
590.413011
592.111437
593.712692
595.211641
596.605016
597.889464
599.062009
600.121093
601.064556
601.892556
602.604876
603.200389
603.679855
604.044761
604.296555
604.437052
604.469150
604.395067
604.217875
603.940999
603.566502
603.096037
602.530935
601.874881
601.133246
600.310932
599.412211
598.441568
597.403977
596.303829
595.146146
593.936009
592.678304
591.377539
590.037484
588.662397
587.257923
585.827734
584.378320
582.914323
581.440911
579.962668
578.484451
577.010880
575.546368
574.095072
572.661222
571.247760
569.856532
568.495178
567.164711
565.869632
564.614282
563.401885
562.236073
561.120767
560.059037
559.054133
558.110429
557.229880
556.414833
555.667684
554.990416
554.384323
553.850398
553.389654
553.002246
552.688481
552.448288
552.280735
552.185136
552.161082
552.207005
552.323914
552.509538
552.763839
553.085514
553.472403
553.923239
554.434629
555.004507
555.628833
556.302616
557.021066
557.779241
558.573975
559.400138
560.254393
561.130809
562.023645
562.927947
563.839348
564.752917
565.662974
566.562430
567.446554
568.312065
569.155655
569.973448
570.761819
571.511150
572.225147
572.902055
573.540278
574.137502
574.692775
575.193586
575.648981
576.057943
576.418913
576.730669
576.995038
577.210895
577.378443
577.481755
577.535174
577.541854
577.501900
577.413745
577.280582
577.103200
576.881804
576.616481
576.308516
575.958887
575.569826
575.142454
574.679857
574.191338
573.673464
573.125249
572.547781
571.944614
571.315395
570.670172
570.003863
569.319549
568.618191
567.902562
567.179920
566.448103
565.708443
564.965069
564.221535
563.478965
562.739687
562.006252
561.281413
560.567714
559.867080
559.182163
558.515913
557.868129
557.243283
556.644320
556.074450
555.536442
555.033872
554.570193
554.147130
553.766133
553.433744
553.152854
552.924761
552.750050
552.630200
552.565968
552.557819
552.606245
552.712420
552.875698
553.095356
553.369292
553.686383
554.052329
554.461620
554.911566
555.401879
555.932309
556.500886
557.106384
557.748186
558.424766
559.139190
559.889915
560.671585
561.485247
562.329724
563.203527
564.105453
565.034885
565.991493
566.973349
567.979857
569.009457
570.061618
571.136578
572.231385
573.343616
574.471391
575.612964
576.765913
577.929153
579.100867
580.279361
581.463390
582.650581
583.840451
585.030669
586.219840
587.405745
588.587309
589.762862
590.931064
592.090257
593.235692
594.367411
595.484151
596.584004
597.664282
598.723535
599.759550
600.769998
601.752635
602.705598
603.627015
604.513978
605.364848
606.168038
606.926037
607.639353
608.303752
608.914854
609.471630
609.971882
610.411649
610.788362
611.099428
611.341492
611.512634
611.609970
611.632212
611.576730
611.441094
611.223736
610.919340
610.529483
610.052723
609.488656
608.837457
608.099272
607.274628
606.364512
605.370068
604.292458
603.133700
601.895762
600.580538
599.190980
597.728816
596.196092
594.595946
592.932326
591.209455
589.429777
587.595707
585.710643
583.778146
581.801491
579.783941
577.729471
575.641403
573.524213
571.382974
569.223171
567.050707
564.873686
562.697876
560.528001
558.368960
556.225789
554.103083
552.005265
549.936209
547.897832
545.893486
543.927762
542.003370
540.123237
538.294674
536.525077
534.821973
533.193869
531.649652
530.198893
528.847152
527.600178
526.462550
525.437297
524.525565
523.728011
523.044365
522.472487
522.009997
521.652424
521.397119
521.240656
521.181288
521.218048
521.353027
521.586681
521.922350
522.360101
522.901235
523.548816
524.305085
525.172826
526.152522
527.244441
528.447891
529.761714
531.184339
532.712612
534.343888
536.074562
537.903034
539.824320
541.836318
543.932308
546.106197
548.353865
550.670490
553.050159
555.486600
557.973880
560.505556
563.075760
565.675766
568.299185
570.938271
573.585635
576.233167
578.873624
581.499416
584.103790
586.679844
589.221076
591.722853
594.178805
596.584659
598.932496
601.222352
603.453351
605.622417
607.729033
609.770905
611.742922
613.637300
615.448316
617.167623
618.787992
620.300050
621.695172
622.964749
624.102497
625.100606
625.955656
626.665900
627.230003
627.646111
627.914944
628.036179
628.010412
627.836721
627.513207
627.038778
626.407173
625.620578
624.679855
623.584276
622.335750
620.934516
619.381829
617.682058
615.839388
613.859185
611.744096
609.500472
607.134770
604.653621
602.064414
599.376528
596.598376
593.739843
590.813299
587.828025
584.793109
581.718291
578.613114
575.486093
572.344978
569.198635
566.054366
562.920338
559.803980
556.712495
553.653831
550.637569
547.672807
544.769642
541.938370
539.189852
536.534569
533.983525
531.547210
529.235398
527.055828
525.014112
523.114250
521.360092
519.754662
518.300645
516.999316
515.851880
514.859514
514.020409
513.338451
512.815155
512.450834
512.246135
512.201935
512.318419
512.597533
513.037947
513.637832
514.394719
515.302856
516.356341
517.549140
518.875396
520.328735
521.903633
523.594037
525.395601
527.302822
529.308084
531.406800
533.592245
535.860454
538.207532
540.626926
543.112053
545.656632
548.253436
550.895326
553.575040
556.286519
559.021612
561.772434
564.532792
567.296209
570.056235
572.805946
575.539035
578.248865
580.928682
583.571585
586.170485
588.718094
591.206708
593.629240
595.977994
598.244382
600.419606
602.494653
604.461404
606.305593
608.024212
609.613788
611.067662
612.381871
613.554884
614.585921
615.473431
616.218147
616.822123
617.285855
617.612568
617.803678
617.861314
617.788334
617.587660
617.260716
616.809102
616.232167
615.532861
614.711934
613.775535
612.725954
611.566152
610.298474
608.925321
607.449441
605.874643
604.204362
602.443641
600.597954
598.672771
596.674250
594.609305
592.484877
590.308105
588.086475
585.827646
583.538982
581.228090
578.902391
576.569578
574.237285
571.912216
569.601164
567.310685
565.047878
562.818671
560.628727
558.483853
556.389402
554.350463
552.372057
550.458742
548.614877
546.844365
545.152724
543.542776
542.018203
540.582866
539.240605
537.994686
536.848197
535.804300
534.865182
534.032651
533.307979
532.691678
532.184091
531.783833
531.490965
531.303336
531.220523
531.241643
531.364525
531.588900
531.908682
532.325079
532.831343
533.421636
534.091328
534.834383
535.644787
536.517418
537.447337
538.427981
539.456748
540.530301
541.644627
542.796054
543.981996
545.199434
546.445592
547.718177
549.015185
550.334238
551.672692
553.028126
554.397448
555.778078
557.164383
558.556304
559.950815
561.344205
562.733539
564.116451
565.489875
566.851159
568.197588
569.526513
570.835298
572.121193
573.382449
574.615708
575.818762
576.989347
578.125166
579.224444
580.284519
581.304321
582.282458
583.220000
584.113169
584.960954
585.762758
586.518019
587.225753
587.885513
588.496688
589.058729
589.571030
590.033462
590.446108
590.808714
591.121166
591.383487
591.595497
591.757455
591.866189
591.924727
591.933115
591.891482
591.800057
591.659567
591.470276
591.232566
590.945183
590.609022
590.224701
589.794491
589.320412
588.802834
588.242471
587.641752
587.002680
586.320156
585.602078
584.850642
584.067140
583.252250
582.409522
581.541706
580.650869
579.739175
578.809057
577.862661
576.902161
575.929799
574.947679
573.957546
572.966354
571.971726
570.975241
569.979284
568.986052
567.996454
567.012172
566.034969
565.066138
564.107149
563.159334
562.223757
561.301825
560.394682
559.503619
558.629805
557.774445
556.938819
556.124118
555.331522
554.563718
553.820824
553.103719
552.413502
551.748200
551.111583
550.505078
549.928621
549.383453
548.871224
548.392879
547.949079
547.540851
547.167322
546.830526
546.531136
546.269554
546.045972
545.860798
545.714291
545.606603
545.538073
545.509480
545.521300
545.574110
545.668454
545.804194
545.981073
546.199050
546.458165
546.758525
547.099849
547.482502
547.906024
548.370127
548.874735
549.419600
550.004381
550.628642
551.291658
551.992900
552.731614
553.507143
554.318630
555.165043
556.045275
556.958042
557.902091
558.875772
559.877913
560.907410
561.961887
563.039491
564.137908
565.255170
566.389065
567.537351
568.697460
569.866710
571.042379
572.221481
573.400977
574.577572
575.748191
576.909244
578.057434
579.188971
580.300819
581.389260
582.450991
583.482631
584.481028
585.442914
586.365247
587.245030
588.079294
588.865351
589.600782
590.282960
590.909635
591.478776
591.988614
592.437332
592.823708
593.146900
593.406407
593.601475
593.731833
593.797879
593.798894
593.736241
593.609399
593.417602
593.160493
592.838266
592.451753
592.003798
591.494675
590.925587
590.298314
589.614808
588.876925
588.086745
587.246186
586.357675
585.423793
584.447101
583.430154
582.375991
581.287496
580.167793
579.020079
577.839617
576.635796
575.412881
574.172821
572.917762
571.651931
570.378371
569.099814
567.819280
566.539570
565.263743
563.995253
562.736594
561.489931
560.257912
559.043315
557.848589
556.676133
555.528568
554.408321
553.317750
552.259367
551.235676
550.249092
549.301815
548.401906
547.547191
546.738763
545.978879
545.269922
544.612677
544.008447
543.459748
542.966899
542.531312
542.153986
541.834477
541.572796
541.368874
541.220531
541.125531
541.088784
541.109384
541.187424
541.323712
541.518901
541.771835
542.082185
542.449280
542.867412
543.339061
543.863698
544.440521
545.067402
545.743627
546.468208
547.239719
548.056876
548.918316
549.822918
550.768778
551.754374
552.777646
553.836429
554.928489
556.051558
557.203597
558.383036
559.586922
560.812576
562.057590
563.319350
564.594957
565.881386
567.177752
568.479613
569.783376
571.085668
572.383746
573.674253
574.954428
576.221232
577.471631
578.701617
579.910932
581.096549
582.254926
583.383216
584.479484
585.540899
586.559919
587.537542
588.471757
589.360321
590.200665
590.992195
591.733371
592.422114
593.057058
593.628673
594.144174
594.603116
595.003123
595.342732
595.622573
595.842572
596.001932
596.101051
596.139853
596.118661
596.037499
595.896330
595.694182
595.430920
595.105791
594.719923
594.274903
593.772014
593.212162
592.597011
591.928454
591.208270
590.438290
589.620763
588.757860
587.855497
586.913415
585.933015
584.917467
583.869869
582.792180
581.687122
580.557560
579.406358
578.235317
577.047717
575.846913
574.636614
573.419474
572.198495
570.976842
569.757562
568.543382
567.336752
566.140242
564.956670
563.785925
562.629354
561.496104
560.384983
559.297654
558.237373
557.206308
556.206274
555.239240
554.307253
553.411786
552.554346
551.736474
550.959605
550.225111
549.534281
548.888306
548.288213
547.734820
547.229210
546.771965
546.363866
546.005718
545.697802
545.440605
545.234631
545.080369
544.977817
544.927290
544.929049
544.983326
545.089451
545.248326
545.458632
545.720295
546.032212
546.393369
546.802787
547.259424
547.762236
548.309626
548.900904
549.534480
550.208788
550.922697
551.674467
552.459037
553.277171
554.127573
555.008879
555.918501
556.855157
557.817324
558.803084
559.810360
560.837182
561.881424
562.941025
564.013813
565.097551
566.190045
567.289049
568.392348
569.497518
570.602234
571.704192
572.801023
573.890589
574.970418
576.038349
577.091982
578.129121
579.147645
580.145734
581.120938
582.071685
582.996192
583.892428
584.758619
585.592600
586.392980
587.157983
587.886161
588.575837
589.225634
589.834145
590.400275
590.922729
591.399785
591.831056
592.215891
592.553352
592.842835
593.083834
593.276174
593.419551
593.513771
593.558855
593.555137
593.502698
593.397370
593.242968
593.037879
592.780858
592.472613
592.115338
591.708374
591.252480
590.749157
590.198880
589.605087
588.966267
588.283271
587.558681
586.793339
585.988062
585.143772
584.262101
583.344472
582.392214
581.406661
580.389807
579.342923
578.267672
577.165970
576.039830
574.890504
573.719730
572.529240
571.321297
570.097874
568.861159
567.613585
566.357688
565.096204
563.831961
562.566168
561.302917
560.045969
558.798732
557.564364
556.346929
555.150633
553.979751
552.839457
551.733398
550.664595
549.636255
548.651463
547.712756
546.822514
545.982862
545.195559
544.462197
543.784071
543.162267
542.597807
542.091322
541.643224
541.254841
540.924548
540.650883
540.432062
540.267945
540.158203
540.103096
540.102580
540.157688
540.268784
540.436973
540.661946
540.943421
541.281636
541.676555
542.127787
542.635329
543.198722
543.817470
544.490879
545.218619
546.000406
546.835713
547.723373
548.662149
549.649582
550.684109
551.763707
552.886224
554.049342
555.250653
556.487679
557.757218
559.056090
560.380726
561.727744
563.093754
564.475061
565.868152
567.269185
568.674597
570.080409
571.482490
572.876731
574.259088
575.625756
576.971924
578.293724
579.586570
580.845772
582.066750
583.244503
584.374237
585.451498
586.471550
587.429825
588.321426
589.142398
589.889249
590.559342
591.149898
591.659264
592.085067
592.427534
592.685859
592.861569
592.954264
592.964851
592.894121
592.741927
592.509705
592.197082
591.805206
591.336249
590.792895
590.177528
589.492292
588.740852
587.926808
587.053530
586.125819
585.148253
584.125775
583.063131
581.965368
580.837417
579.684195
578.510720
577.321402
576.120809
574.913059
573.702395
572.492860
571.288286
570.092301
568.908461
567.740012
566.589774
565.460048
564.352562
563.268814
562.210222
561.178616
560.176464
559.206604
558.271666
557.374337
556.517397
555.703549
554.935496
554.215977
553.547441
552.932072
552.371847
551.868656
551.424147
551.036325
550.709188
550.444146
550.240480
550.097842
550.016616
549.996611
550.037277
550.139102
550.301427
550.524244
550.807546
551.149180
551.547117
551.999533
552.503964
553.059108
553.661679
554.309675
555.000137
555.730147
556.496253
557.295163
558.123217
558.976457
559.850747
560.741812
561.644792
562.554725
563.466888
564.376328
565.277726
566.166059
567.036218
567.883369
568.703347
569.492264
570.246497
570.962784
571.638071
572.269653
572.855288
573.393104
573.881661
574.319073
574.703652
575.034319
575.310455
575.531348
575.696665
575.807173
575.863040
575.865681
575.816015
575.715744
575.564747
575.360489
575.107038
574.805474
574.458073
574.066687
573.634739
573.165953
572.663819
572.132300
571.575462
570.997315
570.401759
569.792721
569.173961
568.549172
567.921885
567.295409
566.672971
566.057538
565.451915
564.858571
564.279489
563.716406
563.170962
562.644407
562.137884
561.652626
561.189682
560.749964
560.335692
559.948737
559.590915
559.263830
558.969322
558.709035
558.485643
558.299568
558.151798
558.043958
557.977719
557.954027
557.974271
558.039960
558.151699
558.309131
558.512962
558.763178
559.059296
559.401327
559.785926
560.214806
560.687544
561.202726
561.757559
562.350722
562.980200
563.644730
564.342044
565.070631
565.828334
566.613295
567.422751
568.253867
569.103802
569.969406
570.847386
571.734191
572.626069
573.518965
574.408892
575.291406
576.161921
577.015700
577.847762
578.653106
579.426712
580.163511
580.858387
581.507635
582.107838
582.656144
583.149799
583.586479
583.964470
584.282207
584.538393
584.732835
584.864872
584.934910
584.943177
584.890667
584.777839
584.604709
584.371089
584.076590
583.722827
583.311020
582.842896
582.320321
581.744589
581.117519
580.441200
579.717832
578.949668
578.139204
577.289144
576.402121
575.480910
574.528483
573.547531
572.541171
571.512684
570.465285
569.402203
568.326901
567.242732
566.153294
565.062170
563.972873
562.887080
561.809939
560.745285
559.696557
558.667180
557.660915
556.681195
555.731421
554.814920
553.934971
553.094654
552.297004
551.544998
550.841474
550.189028
549.590286
549.047807
548.563966
548.140712
547.779561
547.481611
547.247637
547.077882
546.973004
546.933410
546.958787
547.051160
547.210256
547.436620
547.729481
548.088393
548.512060
548.998608
549.547897
550.157789
550.826248
551.551251
552.330366
553.160435
554.038061
554.959584
555.921723
556.921057
557.954158
559.017345
560.106953
561.219284
562.350456
563.496924
564.652130
565.815453
566.983410
568.151584
569.316235
570.474357
571.622642
572.757633
573.876140
574.975113
576.051497
577.102189
578.124385
579.115381
580.072274
580.991999
581.864155
582.692990
583.477049
584.212589
584.896327
585.527610
586.105087
586.626427
587.089944
587.494996
587.840579
588.126174
588.351667
588.517152
588.622945
588.669735
588.658402
588.595152
588.475617
588.299426
588.066853
587.778645
587.434719
587.036489
586.585686
586.083756
585.532503
584.933625
584.288824
583.599364
582.867367
582.094693
581.282845
580.433330
579.548306
578.630077
577.681043
576.703879
575.701309
574.675931
573.630932
572.567645
571.487960
570.397909
569.298206
568.192405
567.084087
565.975965
564.871297
563.773180
562.684790
561.609239
560.549881
559.509881
558.492345
557.500486
556.537540
555.606856
554.711587
553.854939
553.040215
552.270844
551.550062
550.880156
550.263568
549.702295
549.197893
548.751686
548.364710
548.037641
547.770741
547.564488
547.418063
547.330973
547.302605
547.332455
547.420860
547.566924
547.770055
548.029059
548.341416
548.705530
549.119243
549.580459
550.086654
550.636000
551.226103
551.854917
552.520580
553.220681
553.952870
554.714966
555.505231
556.321499
557.162304
558.025711
558.910031
559.813702
560.734865
561.672063
562.623663
563.587967
564.563239
565.547533
566.539066
567.535711
568.535388
569.536114
570.535689
571.531782
572.522208
573.504639
574.476537
575.435463
576.379037
577.304562
578.209619
579.091351
579.947663
580.775829
581.573341
582.337972
583.067603
583.760069
584.412928
585.024363
585.592838
586.115939
586.591870
587.018914
587.395319
587.719656
587.990629
588.207033
588.368016
588.472783
588.520976
588.511906
588.445184
588.319996
588.134937
587.889108
587.583170
587.217648
586.793554
586.311439
585.771807
585.176071
584.525973
583.822753
583.068728
582.265505
581.414886
580.519630
579.581684
578.603689
577.588237
576.537789
575.455145
574.343094
573.204328
572.035331
570.843929
569.633678
568.407428
567.167839
565.919389
564.665927
563.411216
562.159270
560.914209
559.680061
558.461018
557.261390
556.085615
554.937809
553.822032
552.747865
551.713600
550.722651
549.779272
548.887065
548.047677
547.263392
546.536735
545.869343
545.262917
544.719599
544.239746
543.823516
543.471686
543.184674
542.961811
542.802701
542.706792
542.673974
542.703010
542.796356
542.950214
543.167799
543.447952
543.789569
544.191905
544.654505
545.176344
545.756175
546.392789
547.085127
547.831588
548.631749
549.484164
550.387745
551.340321
552.337254
553.373423
554.455068
555.576198
556.734022
557.927366
559.153619
560.409780
561.692886
563.000231
564.328439
565.674376
567.034746
568.406083
569.785034
571.168032
572.551302
573.933220
575.307733
576.671591
578.021172
579.352662
580.662169
581.945347
583.198403
584.417414
585.598045
586.736635
587.829310
588.872537
589.862736
590.796588
591.671096
592.482744
593.229100
593.907803
594.517850
595.056909
595.523135
595.915742
596.234152
596.477874
596.646910
596.741550
596.760059
596.706038
596.579224
596.379876
596.106487
595.759407
595.339984
594.850236
594.291774
593.666311
592.975701
592.222003
591.407149
590.534238
589.600621
588.613929
587.577544
586.493406
585.363689
584.192330
582.982553
581.737744
580.461495
579.157517
577.829323
576.480771
575.115642
573.737837
572.351290
570.959792
569.567386
568.177810
566.794903
565.422311
564.063739
562.722691
561.402883
560.107833
558.840816
557.605101
