329125.500000
329815.072530
330769.017133
332004.150199
333262.888103
334425.039690
335442.910547
336202.837359
336623.625660
336709.591071
336494.509212
336008.805656
335308.925549
334460.990130
333502.843985
332557.519873
331771.333291
331191.141122
330828.814294
330700.246293
330798.345000
331079.341063
331496.950042
331991.012170
332518.830122
333038.938711
333512.796577
333899.960779
334168.122967
334300.293378
334294.306210
334154.365553
333892.272396
333537.238692
333139.349425
332758.099088
332434.094994
332186.912941
332021.883302
331935.973878
331919.930644
331958.759903
332036.401537
332140.338426
332261.919203
332392.701224
332522.954816
332642.295742
332742.087631
332819.102883
332873.338938
332910.579077
332944.931704
332993.743521
333073.904819
333198.595801
333373.932381
333597.333405
333857.185401
334132.259048
334391.789778
334607.295118
334752.561837
334810.200463
334767.132310
334603.861969
334310.795666
333892.789075
333364.564640
332755.094839
332100.819585
331445.640254
330845.586571
330363.110731
330049.314863
329946.898131
330064.705681
330403.852874
330948.132357
331653.520572
332472.858769
333350.136241
334201.524711
334985.688848
335650.635198
336160.993042
336476.836538
336586.008054
336483.224479
336183.962120
335714.454291
335114.538544
334429.375347
333721.628444
333038.424282
332414.597286
331876.625889
331445.824375
331145.854377
330977.092858
330928.171186
330983.635102
331123.553164
331339.739638
331596.068685
331882.350975
332194.324741
332528.170074
332886.272613
333275.534814
333688.927348
334118.616561
334556.229794
334991.498425
335411.531291
335799.453569
336127.313360
336356.461150
336453.215783
336403.388749
336210.635078
335865.764814
335361.293578
334693.053519
333890.366563
333007.183830
332100.357392
331225.639359
330429.486336
329755.615181
329254.211618
328970.465458
328921.702925
329107.462862
329518.753120
330133.315787
330914.874521
331810.831362
332762.706577
333714.806690
334613.086444
335398.740946
336018.245195
336443.849095
336665.796030
336679.905528
336489.837480
336118.370976
335595.841589
334961.002703
334253.288708
333518.786510
332809.550288
332177.369178
331666.538004
331305.285086
331101.064616
331042.437026
331107.685123
331272.335275
331507.894913
331779.523239
332050.838503
332300.481947
332497.003305
332634.071696
332713.481451
332733.694638
332703.783659
332643.432846
332597.325365
332605.798352
332707.967857
332925.908099
333257.771020
333679.305859
334163.146119
334651.050821
335115.160050
335515.335112
335816.109910
335994.208911
336039.825973
335954.557926
335751.212928
335446.502739
335053.706695
334602.855476
334133.268001
333660.593419
333199.966427
332782.823562
332415.085192
332099.523821
331841.035813
331642.025976
331508.900580
331443.753777
331458.159180
331559.702337
331743.448286
332021.531474
332395.402821
332857.832622
333386.629857
333952.975474
334531.342126
335100.556183
335625.849525
336074.129626
336423.173233
336667.678146
336780.905161
336741.695998
336559.384396
336263.436889
335852.721582
335307.377293
334620.934945
333810.150350
332913.869205
331984.813694
331086.838316
330284.651841
329618.003250
329123.948670
328857.372609
328861.991212
329140.340184
329682.886912
330464.013095
331433.739220
332520.297861
333639.783795
334718.597657
335694.612252
336498.951582
337067.711890
337375.317869
337409.445630
337170.895067
336686.169878
336002.725330
335165.817757
334221.745174
333228.658312
332248.014099
331334.736311
330549.724743
329950.536721
329574.005208
329429.770863
329507.579631
329796.665403
330276.912915
330916.111534
331665.328134
332472.620544
333283.712911
334047.383528
334721.524214
335268.963620
335653.525971
335858.508736
335882.875088
335746.628890
335474.525322
335089.032533
334612.357880
334064.178564
333469.380245
332862.378644
332279.924581
331756.438948
331324.587502
331002.831565
330812.063541
330760.318260
330856.977408
331096.673254
331440.257796
331847.848949
332292.121295
332758.589841
333219.138711
333648.265348
334029.412262
334357.752974
334626.428483
334824.905444
334952.713390
335012.664098
335000.843069
334910.508622
334731.471650
334452.715385
334070.780385
333592.485806
333036.991362
332435.097040
331829.318755
331269.593977
330807.243238
330487.246126
330341.137422
330382.610611
330618.674047
331040.296990
331620.999565
332319.561802
333071.638050
333831.195655
334546.687419
335159.686000
335626.184674
335926.849079
336043.517411
335974.123988
335724.991048
335327.554097
334803.448951
334200.747580
333558.705893
332914.697887
332310.095986
331789.477639
331377.953779
331096.763663
330953.861802
330951.267881
331068.496555
331299.283755
331624.238647
332012.052091
332434.169020
332875.344088
333308.925017
333713.494951
334081.736029
334402.144540
334670.624382
334888.990538
335053.365863
335159.222579
335202.615746
335178.856075
335083.065672
334916.500823
334671.587690
334355.081310
333976.530942
333548.246913
333086.704990
332614.765719
332160.640629
331747.587989
331400.044998
331139.323838
330986.102396
330950.365277
331035.941051
331248.669535
331580.989493
332013.654746
332525.339393
333092.265233
333675.232899
334233.449125
334727.793337
335127.180507
335410.297565
335567.723316
335591.936549
335477.793309
335227.882502
334849.947666
334366.747289
333806.247196
333202.482543
332593.245176
332019.053100
331522.425292
331140.817169
330892.722564
330784.835706
330819.166415
330983.711564
331254.141194
331601.903605
332000.671726
332430.239380
332873.136185
333305.467793
333703.468611
334040.327715
334300.674422
334471.808863
334546.581243
334524.434149
334417.650524
334248.765803
334039.574589
333813.111303
333588.009514
333377.807747
333190.182341
333030.264808
332899.080199
332793.658464
332711.531431
332654.117555
332618.035463
332602.405359
332595.525763
332589.306078
332572.201236
332547.909445
332521.613143
332502.021902
332504.951414
332550.379262
332648.994562
332799.229996
332991.359444
333215.513391
333457.644233
333700.718696
333926.759933
334116.731527
334245.497758
334300.223934
334274.450033
334166.536517
333983.189876
333736.538948
333446.128318
333140.051546
332841.955944
332579.050270
332366.531949
332220.588447
332147.583137
332130.284602
332169.805026
332261.341471
332402.851319
332582.562025
332785.174246
333003.790599
333231.233194
333457.730809
333671.409485
333867.053119
334031.708331
334147.843440
334202.345354
334191.211970
334109.084574
333957.642601
333744.051169
333476.241983
333161.976429
332813.115664
332448.152149
332093.150197
331779.659453
331539.476244
331399.587993
331381.143779
331497.085929
331749.063423
332125.854045
332605.788334
333157.176137
333724.800045
334267.622606
334744.780729
335129.152205
335385.544539
335491.974851
335445.074016
335248.258797
334908.319469
334452.806260
333909.751459
333296.539666
332652.753619
332019.156281
331447.868705
330972.146997
330622.499735
330426.994004
330399.104721
330538.168053
330839.376153
331291.524945
331856.232728
332502.710790
333194.459289
333887.229138
