10.000003
10.000014
10.000029
10.000043
10.000056
10.000069
10.000082
10.000094
10.000108
10.000126
10.000143
10.000161
10.000180
10.000200
10.000224
10.000251
10.000279
10.000310
10.000343
10.000380
10.000419
10.000463
10.000510
10.000561
10.000616
10.000675
10.000737
10.000803
10.000872
10.000944
10.001019
10.001098
10.001179
10.001264
10.001350
10.001439
10.001531
10.001625
10.001721
10.001820
10.001922
10.002025
10.002132
10.002240
10.002350
10.002463
10.002578
10.002695
10.002813
10.002934
10.003055
10.003179
10.003302
10.003426
10.003549
10.003671
10.003792
10.003912
10.004031
10.004148
10.004264
10.004377
10.004490
10.004601
10.004710
10.004815
10.004919
10.005019
10.005115
10.005207
10.005295
10.005377
10.005454
10.005526
10.005591
10.005651
10.005704
10.005752
10.005794
10.005829
10.005857
10.005878
10.005890
10.005895
10.005890
10.005875
10.005849
10.005813
10.005766
10.005708
10.005638
10.005558
10.005465
10.005359
10.005240
10.005107
10.004960
10.004799
10.004623
10.004433
10.004227
10.004005
10.003766
10.003508
10.003231
10.002937
10.002624
10.002292
10.001942
10.001572
10.001182
10.000773
10.000343
9.999892
9.999419
9.998924
9.998407
9.997867
9.997305
9.996719
9.996110
9.995477
9.994820
9.994139
9.993433
9.992704
9.991950
9.991173
9.990372
9.989548
9.988701
9.987832
9.986941
9.986026
9.985090
9.984130
9.983149
9.982146
9.981122
9.980079
9.979017
9.977936
9.976835
9.975717
9.974580
9.973427
9.972257
9.971073
9.969874
9.968661
9.967436
9.966200
9.964953
9.963697
9.962433
9.961164
9.959890
9.958615
9.957338
9.956063
9.954790
9.953521
9.952256
9.950999
9.949751
9.948515
9.947292
9.946085
9.944897
9.943729
9.942585
9.941467
9.940376
9.939316
9.938289
9.937296
9.936342
9.935425
9.934548
9.933709
9.932910
9.932157
9.931451
9.930797
9.930196
9.929651
9.929164
9.928739
9.928376
9.928078
9.927847
9.927685
9.927594
9.927574
9.927628
9.927758
9.927966
9.928254
9.928624
9.929078
9.929616
9.930239
9.930948
9.931745
9.932629
9.933604
9.934669
9.935825
9.937075
9.938418
9.939854
9.941382
9.943001
9.944711
9.946511
9.948401
9.950379
9.952443
9.954591
9.956822
9.959134
9.961524
9.963991
9.966533
9.969145
9.971826
9.974573
9.977382
9.980250
9.983172
9.986146
9.989165
9.992226
9.995325
9.998457
10.001616
10.004800
10.008007
10.011234
10.014478
10.017735
10.020997
10.024262
10.027522
10.030772
10.034006
10.037217
10.040400
10.043549
10.046659
10.049723
10.052736
10.055693
10.058586
10.061412
10.064165
10.066839
10.069428
10.071927
10.074331
10.076635
10.078834
10.080922
10.082896
10.084750
10.086481
10.088085
10.089558
10.090898
10.092101
10.093165
10.094089
10.094870
10.095507
10.095999
10.096346
10.096547
10.096600
10.096504
10.096259
10.095863
10.095316
10.094618
10.093770
10.092770
10.091622
10.090326
10.088887
10.087306
10.085587
10.083734
10.081750
10.079641
10.077411
10.075066
10.072611
10.070050
10.067391
10.064637
10.061795
10.058870
10.055870
10.052802
10.049675
10.046497
10.043277
10.040024
10.036749
10.033460
10.030166
10.026878
10.023603
10.020353
10.017138
10.013968
10.010852
10.007799
10.004820
10.001923
9.999118
9.996413
9.993816
9.991335
9.988978
9.986752
9.984663
9.982718
9.980923
9.979284
9.977805
9.976489
9.975341
9.974360
9.973550
9.972909
9.972440
9.972147
9.972032
9.972094
9.972332
9.972744
9.973329
9.974082
9.975002
9.976085
9.977329
9.978733
9.980292
9.982003
9.983858
9.985852
9.987977
9.990227
9.992597
9.995081
9.997672
10.000362
10.003142
10.006005
10.008940
10.011940
10.014994
10.018093
10.021228
10.024390
10.027568
10.030754
10.033937
10.037109
10.040262
10.043385
10.046471
10.049509
10.052492
10.055411
10.058258
10.061024
10.063703
10.066288
10.068770
10.071144
10.073402
10.075541
10.077554
10.079437
10.081185
10.082796
10.084266
10.085594
10.086778
10.087817
10.088712
10.089463
10.090072
10.090540
10.090870
10.091063
10.091123
10.091053
10.090858
10.090540
10.090099
10.089536
10.088854
10.088055
10.087146
10.086128
10.085007
10.083787
10.082473
10.081071
10.079588
10.078028
10.076396
10.074699
10.072942
10.071130
10.069268
10.067361
10.065415
10.063433
10.061421
10.059383
10.057324
10.055250
10.053164
10.051069
10.048969
10.046868
10.044768
10.042673
10.040587
10.038513
10.036454
10.034411
10.032387
10.030383
10.028400
10.026440
10.024504
10.022594
10.020711
10.018854
10.017026
10.015225
10.013451
10.011705
10.009985
10.008292
10.006626
10.004986
10.003373
10.001786
10.000225
9.998689
9.997177
9.995690
9.994227
9.992789
9.991377
9.989991
9.988633
9.987303
9.986001
9.984727
9.983481
9.982264
9.981078
9.979924
9.978803
9.977718
9.976671
9.975664
9.974699
9.973780
9.972910
9.972090
9.971324
9.970615
9.969968
9.969387
9.968876
9.968440
9.968081
9.967805
9.967614
9.967514
9.967508
9.967601
9.967795
9.968095
9.968502
9.969021
9.969654
9.970405
9.971279
9.972277
9.973401
9.974652
9.976032
9.977542
9.979182
9.980953
9.982855
9.984886
9.987045
9.989331
9.991741
9.994273
9.996924
9.999690
10.002568
10.005553
10.008638
10.011818
10.015087
10.018438
10.021864
10.025356
10.028909
10.032522
10.036188
10.039901
10.043653
10.047436
10.051243
10.055065
10.058893
10.062719
10.066532
10.070321
10.074077
10.077791
10.081451
10.085048
10.088574
10.092018
10.095370
10.098620
10.101761
10.104782
10.107676
10.110432
10.113043
10.115500
10.117794
10.119918
10.121865
10.123628
10.125199
10.126575
10.127749
10.128717
10.129475
10.130019
10.130348
10.130461
10.130355
10.130029
10.129479
10.128700
10.127686
10.126435
10.124948
10.123226
10.121270
10.119081
10.116661
10.114013
10.111140
10.108046
10.104736
10.101215
10.097488
10.093560
10.089438
10.085129
10.080640
10.075981
10.071160
10.066186
10.061070
10.055820
10.050446
10.044958
10.039364
10.033673
10.027897
10.022046
10.016132
10.010167
10.004165
9.998138
9.992099
9.986062
9.980039
9.974044
9.968091
9.962195
9.956372
9.950635
9.945000
9.939480
9.934088
9.928839
9.923746
9.918820
9.914077
9.909526
9.905182
9.901054
9.897156
9.893497
9.890090
9.886943
9.884066
9.881466
9.879149
9.877120
9.875384
9.873945
9.872804
9.871965
9.871433
9.871218
9.871325
9.871756
9.872510
9.873588
9.874987
9.876705
9.878740
9.881093
9.883768
9.886764
9.890075
9.893694
9.897612
9.901823
9.906319
9.911094
9.916137
9.921439
9.926989
9.932777
9.938788
9.945011
9.951431
9.958035
9.964810
9.971742
9.978817
9.986020
9.993337
10.000753
10.008250
10.015811
10.023419
10.031058
10.038709
10.046356
10.053981
10.061568
10.069099
10.076558
10.083925
10.091183
10.098311
10.105293
10.112112
10.118749
10.125188
10.131416
10.137416
10.143173
10.148674
10.153905
10.158854
10.163508
10.167856
10.171888
10.175594
10.178966
10.181996
10.184678
10.187006
10.188977
10.190589
10.191843
10.192739
10.193279
10.193467
10.193306
10.192795
10.191938
10.190739
10.189200
10.187323
10.185107
10.182559
10.179692
10.176514
10.173035
10.169264
10.165210
10.160884
10.156300
10.151470
10.146405
10.141119
10.135626
10.129941
10.124079
10.118055
10.111885
10.105585
10.099168
10.092652
10.086051
10.079381
10.072657
10.065896
10.059113
10.052325
10.045548
10.038799
10.032094
10.025449
10.018880
10.012403
10.006032
9.999784
9.993674
9.987717
9.981929
9.976323
9.970911
9.965705
9.960716
9.955953
9.951426
9.947146
9.943118
9.939351
9.935849
9.932617
9.929656
9.926969
9.924556
9.922415
9.920545
9.918942
9.917601
9.916520
9.915698
9.915134
9.914824
9.914762
9.914941
9.915353
9.915990
9.916841
9.917898
9.919150
9.920587
9.922199
9.923978
9.925915
9.927999
9.930220
9.932566
9.935026
9.937589
9.940245
9.942981
9.945789
9.948657
9.951574
9.954528
9.957509
9.960507
9.963513
9.966517
9.969510
9.972484
9.975430
9.978340
9.981205
9.984017
9.986770
9.989455
9.992066
9.994598
9.997045
9.999403
10.001668
10.003834
10.005898
10.007857
10.009710
10.011454
10.013090
10.014615
10.016032
10.017339
10.018540
10.019635
10.020628
10.021521
10.022317
10.023020
10.023634
10.024162
10.024610
10.024980
10.025277
10.025506
10.025672
10.025779
10.025833
10.025838
10.025798
10.025716
10.025596
10.025443
10.025262
10.025058
10.024833
10.024593
10.024340
10.024078
10.023811
10.023543
10.023275
10.023012
10.022756
10.022510
10.022276
10.022056
10.021853
10.021667
10.021501
10.021356
10.021231
10.021128
10.021049
10.020994
10.020965
10.020961
10.020982
10.021027
10.021096
10.021190
10.021306
10.021444
10.021602
10.021779
10.021974
10.022185
10.022410
10.022646
10.022894
10.023149
10.023409
10.023673
10.023939
10.024206
10.024471
10.024731
10.024982
10.025223
10.025450
10.025663
10.025858
10.026031
10.026180
10.026302
10.026396
10.026459
10.026489
10.026483
10.026438
10.026352
10.026221
10.026044
10.025820
10.025546
10.025220
10.024842
10.024410
10.023922
10.023376
10.022772
10.022108
10.021381
10.020589
10.019733
10.018812
10.017823
10.016767
10.015641
10.014446
10.013183
10.011851
10.010451
10.008982
10.007444
10.005836
10.004158
10.002411
10.000595
9.998711
9.996759
9.994741
9.992658
9.990512
9.988305
9.986038
9.983714
9.981335
9.978904
9.976423
9.973895
9.971323
9.968711
9.966063
9.963381
9.960672
9.957938
9.955184
9.952415
9.949636
9.946853
9.944071
9.941296
9.938535
9.935793
9.933075
9.930389
9.927740
9.925135
9.922579
9.920078
9.917639
9.915270
9.912978
9.910768
9.908651
9.906632
9.904719
9.902922
9.901247
9.899703
9.898299
9.897042
9.895938
9.894994
9.894214
9.893606
9.893174
9.892927
9.892871
9.893015
9.893362
9.893919
9.894691
9.895681
9.896895
9.898338
9.900019
9.901942
9.904110
9.906523
9.909184
9.912096
9.915259
9.918674
9.922342
9.926262
9.930431
9.934850
9.939514
9.944421
9.949566
9.954944
9.960549
9.966377
9.972420
9.978670
9.985121
9.991761
9.998583
10.005576
10.012729
10.020030
10.027467
10.035026
10.042694
10.050460
10.058310
10.066232
10.074212
10.082236
10.090289
10.098358
10.106425
10.114476
10.122495
10.130464
10.138370
10.146195
10.153922
10.161537
10.169023
10.176362
10.183539
10.190537
10.197339
10.203930
10.210292
10.216410
10.222270
10.227856
10.233153
10.238149
10.242829
10.247181
10.251195
10.254862
10.258170
10.261112
10.263681
10.265871
10.267678
10.269097
10.270125
10.270762
10.271005
10.270854
10.270304
10.269352
10.267993
10.266221
10.264033
10.261432
10.258421
10.255003
10.251183
10.246965
10.242357
10.237365
10.231997
10.226263
10.220172
10.213737
10.206970
10.199883
10.192491
10.184807
10.176847
10.168628
10.160167
10.151483
10.142594
10.133519
10.124277
10.114888
10.105371
10.095745
10.086031
10.076248
10.066419
10.056566
10.046714
10.036887
10.027109
10.017404
10.007798
9.998315
9.988979
9.979819
9.970863
9.962137
9.953667
9.945479
9.937596
9.930041
9.922838
9.916007
9.909570
9.903546
9.897954
9.892810
9.888129
9.883921
9.880200
9.876976
9.874255
9.872040
9.870334
9.869137
9.868458
9.868308
9.868695
9.869620
9.871076
9.873056
9.875556
9.878572
9.882105
9.886151
9.890701
9.895739
9.901248
9.907213
9.913621
9.920452
9.927685
9.935299
9.943274
9.951588
9.960220
9.969148
9.978351
9.987806
9.997487
10.007366
10.017416
10.027609
10.037914
10.048301
10.058742
10.069206
10.079663
10.090086
10.100448
10.110721
10.120877
10.130890
10.140734
10.150383
10.159812
10.168992
10.177899
10.186505
10.194786
10.202720
10.210283
10.217456
10.224219
10.230554
10.236444
10.241875
10.246834
10.251312
10.255298
10.258786
10.261771
10.264250
10.266221
10.267686
10.268646
10.269107
10.269076
10.268561
10.267565
10.266096
10.264158
10.261753
10.258886
10.255568
10.251814
10.247642
10.243064
10.238095
10.232752
10.227051
10.221011
10.214648
10.207980
10.201028
10.193809
10.186346
10.178658
10.170767
10.162691
10.154454
10.146076
10.137580
10.128985
10.120311
10.111580
10.102813
10.094031
10.085256
10.076509
10.067812
10.059185
10.050650
10.042228
10.033938
10.025800
10.017833
10.010054
10.002484
9.995142
9.988045
9.981212
9.974658
9.968397
9.962442
9.956802
9.951489
9.946511
9.941879
9.937597
9.933673
9.930110
9.926909
9.924073
9.921599
9.919486
9.917729
9.916323
9.915263
9.914549
9.914183
9.914161
9.914477
9.915123
9.916089
9.917365
9.918941
9.920806
9.922950
9.925364
9.928036
9.930955
9.934106
9.937475
9.941048
9.944809
9.948745
9.952841
9.957080
9.961448
9.965930
9.970511
9.975174
9.979906
9.984691
9.989513
9.994357
9.999209
10.004054
10.008878
10.013666
10.018406
10.023084
10.027686
10.032200
10.036613
10.040914
10.045090
10.049131
10.053028
10.056770
10.060349
10.063756
10.066982
10.070017
10.072856
10.075493
10.077920
10.080134
10.082129
10.083902
10.085449
10.086772
10.087868
10.088738
10.089382
10.089801
10.089998
10.089975
10.089734
10.089279
10.088609
10.087722
10.086617
10.085297
10.083767
10.082032
10.080098
10.077970
10.075654
10.073156
10.070481
10.067637
10.064629
10.061464
10.058151
10.054696
10.051107
10.047393
10.043562
10.039622
10.035580
10.031445
10.027226
10.022932
10.018570
10.014152
10.009684
10.005177
10.000640
9.996082
9.991513
9.986942
9.982379
9.977832
9.973310
9.968823
9.964379
9.959988
9.955656
9.951392
9.947202
9.943094
9.939074
9.935151
9.931332
9.927621
9.924028
9.920560
9.917226
9.914032
9.910985
9.908089
9.905351
9.902775
9.900365
9.898125
9.896058
9.894166
9.892452
9.890918
9.889563
9.888388
9.887396
9.886588
9.885966
9.885530
9.885278
9.885209
9.885322
9.885614
9.886082
9.886723
9.887533
9.888508
9.889643
9.890935
9.892379
9.893972
9.895710
9.897587
9.899597
9.901735
9.903990
9.906357
9.908826
9.911390
9.914042
9.916773
9.919574
9.922437
9.925351
9.928308
9.931298
9.934313
9.937343
9.940379
9.943413
9.946437
9.949444
9.952427
9.955378
9.958290
9.961155
9.963966
9.966715
9.969395
9.972001
9.974524
9.976959
9.979298
9.981533
9.983657
9.985664
9.987548
9.989305
9.990931
9.992421
9.993774
9.994985
9.996054
9.996978
9.997756
9.998388
9.998875
9.999216
9.999414
9.999469
9.999383
9.999155
9.998785
9.998271
9.997614
9.996816
9.995879
9.994807
9.993602
9.992269
9.990811
9.989232
9.987537
9.985730
9.983816
9.981800
9.979687
9.977484
9.975196
9.972830
9.970391
9.967887
9.965324
9.962709
9.960050
9.957353
9.954628
9.951880
9.949119
9.946352
9.943587
9.940832
9.938094
9.935380
9.932697
9.930052
9.927451
9.924901
9.922408
9.919979
9.917622
9.915343
9.913149
9.911046
9.909042
9.907143
9.905356
9.903689
9.902149
9.900739
9.899466
9.898332
9.897343
9.896501
9.895809
9.895267
9.894879
9.894644
9.894568
9.894653
9.894900
9.895309
9.895882
9.896618
9.897517
9.898577
9.899798
9.901180
9.902722
9.904424
9.906285
9.908301
9.910470
9.912786
9.915246
9.917843
9.920574
9.923431
9.926410
9.929505
9.932710
9.936018
9.939423
9.942918
9.946495
9.950146
9.953863
9.957639
9.961465
9.965332
9.969233
9.973159
9.977102
9.981052
9.985003
9.988945
9.992872
9.996775
10.000646
10.004479
10.008266
10.012000
10.015674
10.019283
10.022820
10.026279
10.029654
10.032940
10.036131
10.039222
10.042207
10.045081
10.047839
10.050475
10.052984
10.055362
10.057606
10.059714
10.061681
10.063508
10.065191
10.066731
10.068126
10.069377
10.070484
10.071447
10.072269
10.072949
10.073489
10.073891
10.074158
10.074291
10.074293
10.074164
10.073905
10.073517
10.073004
10.072368
10.071612
10.070739
10.069753
10.068658
10.067458
10.066157
10.064759
10.063269
10.061691
10.060030
10.058291
10.056478
10.054598
10.052656
10.050656
10.048605
10.046508
10.044371
10.042200
10.040001
10.037781
10.035545
10.033298
10.031047
10.028797
10.026553
10.024321
10.022107
10.019915
10.017751
10.015620
10.013526
10.011474
10.009467
10.007510
10.005607
10.003761
10.001977
10.000257
9.998607
9.997030
9.995530
9.994111
9.992777
9.991532
9.990380
9.989323
9.988363
9.987504
9.986746
9.986092
9.985541
9.985095
9.984756
9.984526
9.984408
9.984400
9.984504
9.984721
9.985049
9.985490
9.986042
9.986705
9.987480
9.988363
9.989355
9.990454
9.991661
9.992973
9.994391
9.995914
9.997538
9.999262
10.001083
10.002998
10.005004
10.007097
10.009274
10.011529
10.013860
10.016261
10.018729
10.021260
10.023849
10.026490
10.029179
10.031911
10.034680
10.037482
10.040311
10.043162
10.046029
10.048907
10.051788
10.054668
10.057539
10.060398
10.063237
10.066052
10.068838
10.071591
10.074306
10.076980
10.079608
10.082186
10.084709
10.087173
10.089572
10.091900
10.094154
10.096326
10.098411
10.100406
10.102306
10.104107
10.105806
10.107400
10.108886
10.110261
10.111524
10.112673
10.113705
10.114621
10.115417
10.116096
10.116654
10.117093
10.117412
10.117611
10.117692
10.117656
10.117502
10.117231
10.116842
10.116336
10.115715
10.114978
10.114126
10.113161
10.112086
10.110903
10.109614
10.108222
10.106730
10.105140
10.103456
10.101681
10.099819
10.097872
10.095844
10.093740
10.091564
10.089320
10.087013
10.084646
10.082225
10.079754
10.077238
10.074682
10.072090
10.069467
10.066818
10.064148
10.061461
10.058762
10.056056
10.053347
10.050638
10.047933
10.045236
10.042549
10.039877
10.037223
10.034592
10.031990
10.029420
10.026888
10.024397
10.021951
10.019554
10.017208
10.014917
10.012685
10.010513
10.008406
10.006365
10.004393
10.002493
10.000667
9.998919
9.997249
9.995661
9.994156
9.992736
9.991402
9.990155
9.988998
9.987931
9.986955
9.986071
9.985279
9.984580
9.983976
9.983468
9.983057
9.982745
9.982531
9.982416
9.982400
9.982483
9.982664
9.982945
9.983323
9.983799
9.984372
9.985042
9.985809
9.986675
9.987638
9.988699
9.989855
9.991103
9.992441
9.993868
9.995381
9.996979
9.998657
10.000413
10.002243
10.004143
10.006109
10.008138
10.010223
10.012360
10.014543
10.016767
10.019028
10.021321
10.023642
10.025984
10.028344
10.030714
10.033089
10.035461
10.037824
10.040169
10.042489
10.044775
10.047020
10.049216
10.051356
10.053433
10.055438
10.057365
10.059206
10.060954
10.062601
10.064142
10.065569
10.066876
10.068056
10.069104
10.070014
10.070782
10.071404
10.071875
10.072194
10.072358
10.072364
10.072209
10.071888
10.071400
10.070744
10.069918
10.068918
10.067743
10.066391
10.064866
10.063169
10.061302
10.059266
10.057064
10.054699
10.052176
10.049498
10.046670
10.043698
10.040588
10.037347
10.033981
10.030499
10.026908
10.023217
10.019435
10.015572
10.011637
10.007640
10.003588
9.999490
9.995356
9.991195
9.987020
9.982840
9.978666
9.974510
9.970383
9.966296
9.962260
9.958286
9.954387
9.950575
9.946864
9.943262
9.939782
9.936433
9.933226
9.930168
9.927268
9.924536
9.921976
9.919597
9.917401
9.915395
9.913582
9.911965
9.910546
9.909326
9.908303
9.907477
9.906846
9.906414
9.906179
9.906142
9.906298
9.906641
9.907169
9.907874
9.908752
9.909795
9.910996
9.912349
9.913847
9.915484
9.917252
9.919144
9.921150
9.923262
9.925471
9.927767
9.930140
9.932580
9.935077
9.937621
9.940201
9.942806
9.945427
9.948052
9.950672
9.953277
9.955857
9.958402
9.960903
9.963352
9.965740
9.968059
9.970300
9.972457
9.974520
9.976484
9.978341
9.980086
9.981714
9.983220
9.984602
9.985857
9.986982
9.987977
9.988841
9.989574
9.990178
9.990653
9.991004
9.991233
9.991345
9.991342
9.991230
9.991012
9.990693
9.990280
9.989775
9.989181
9.988505
9.987753
9.986931
9.986049
9.985112
9.984128
9.983106
9.982051
9.980972
9.979876
9.978770
9.977661
9.976558
9.975468
9.974397
9.973353
9.972343
9.971374
9.970453
9.969584
9.968775
9.968031
9.967355
9.966754
9.966231
9.965790
9.965434
9.965165
9.964987
9.964904
9.964916
9.965025
9.965231
9.965537
9.965939
9.966437
9.967029
9.967714
9.968491
9.969358
9.970313
9.971353
9.972476
9.973677
9.974952
9.976298
9.977709
9.979179
9.980703
9.982273
9.983883
9.985528
9.987199
9.988889
9.990592
9.992300
9.994005
9.995700
9.997378
9.999032
10.000655
10.002239
10.003779
10.005266
10.006696
10.008062
10.009358
10.010578
10.011718
10.012770
10.013732
10.014597
10.015363
10.016027
10.016587
10.017041
10.017388
10.017627
10.017758
10.017782
10.017700
10.017511
10.017214
10.016808
10.016293
10.015672
10.014947
10.014123
10.013203
10.012190
10.011088
10.009902
10.008638
10.007300
10.005896
10.004430
10.002910
10.001344
9.999737
9.998097
9.996432
9.994749
9.993056
9.991360
9.989668
9.987988
9.986327
9.984693
9.983093
9.981536
9.980027
9.978573
9.977183
9.975862
9.974617
9.973455
9.972381
9.971401
9.970521
9.969746
9.969080
9.968527
9.968091
9.967773
9.967576
9.967504
9.967560
9.967746
9.968065
9.968515
9.969098
9.969811
9.970655
9.971630
9.972738
9.973979
9.975352
9.976853
9.978480
9.980230
9.982103
9.984095
9.986203
9.988423
9.990750
9.993179
9.995706
9.998324
10.001027
10.003809
10.006665
10.009585
10.012565
10.015595
10.018669
10.021778
10.024915
10.028071
10.031239
10.034411
10.037579
10.040737
10.043876
10.046988
10.050067
10.053105
10.056096
10.059031
10.061904
10.064708
10.067436
10.070082
10.072640
10.075104
10.077469
10.079729
10.081881
10.083918
10.085837
10.087634
10.089306
10.090851
10.092266
10.093548
10.094698
10.095713
10.096593
10.097338
10.097947
10.098422
10.098762
10.098971
10.099048
10.098996
10.098815
10.098507
10.098070
10.097504
10.096812
10.095994
10.095055
10.093997
10.092824
10.091539
10.090146
10.088649
10.087052
10.085358
10.083574
10.081702
10.079749
10.077721
10.075621
10.073456
10.071231
10.068951
10.066623
10.064253
10.061847
10.059410
10.056949
10.054471
10.051982
10.049489
10.046997
10.044513
10.042042
10.039592
10.037169
10.034779
10.032427
10.030120
10.027863
10.025662
10.023522
10.021447
10.019443
10.017515
10.015669
10.013908
10.012237
10.010659
10.009179
10.007799
10.006524
10.005355
10.004294
10.003345
10.002507
10.001781
10.001169
10.000671
10.000291
10.000029
9.999886
9.999860
9.999952
10.000160
10.000483
10.000920
10.001469
10.002128
10.002895
10.003766
10.004739
10.005813
10.006988
10.008261
10.009626
10.011079
10.012614
10.014229
10.015919
10.017677
10.019500
10.021381
10.023314
10.025295
10.027316
10.029373
10.031460
10.033573
10.035704
10.037846
10.039994
10.042139
10.044277
10.046399
10.048498
10.050569
10.052604
10.054598
10.056542
10.058430
10.060256
10.062012
10.063693
10.065292
10.066802
10.068218
10.069534
10.070746
10.071847
10.072834
10.073702
10.074447
10.075067
10.075558
10.075919
10.076149
10.076247
10.076211
10.076041
10.075735
10.075292
10.074710
10.073987
10.073122
10.072116
10.070971
10.069689
10.068272
10.066723
10.065044
10.063238
10.061310
10.059262
10.057099
10.054825
10.052445
10.049965
10.047390
10.044728
10.041985
10.039167
10.036283
10.033339
10.030342
10.027298
10.024215
10.021099
10.017959
10.014804
10.011643
10.008482
10.005332
10.002201
9.999096
9.996027
9.993002
9.990030
9.987120
9.984280
9.981519
9.978847
9.976272
9.973802
9.971444
9.969205
9.967092
9.965112
9.963269
9.961570
9.960018
9.958618
9.957372
9.956284
9.955355
9.954583
9.953972
9.953523
9.953238
9.953118
9.953162
9.953367
9.953732
9.954254
9.954930
9.955755
9.956725
9.957839
9.959093
9.960485
9.962010
9.963658
9.965422
9.967294
9.969268
9.971337
9.973495
9.975734
9.978048
9.980428
9.982865
9.985351
9.987877
9.990433
9.993011
9.995600
9.998192
10.000778
10.003347
10.005891
10.008401
10.010866
10.013279
10.015628
10.017905
10.020101
10.022208
10.024218
10.026122
10.027914
10.029586
10.031133
10.032547
10.033824
10.034958
10.035944
10.036779
10.037461
10.037986
10.038353
10.038562
10.038612
10.038501
10.038229
10.037794
10.037197
10.036438
10.035514
10.034429
10.033183
10.031781
10.030226
10.028522
10.026671
10.024679
10.022550
10.020289
10.017903
10.015397
10.012778
10.010054
10.007231
10.004316
10.001318
9.998243
9.995101
9.991898
9.988643
9.985345
9.982011
9.978649
9.975271
9.971883
9.968497
9.965121
9.961763
9.958434
9.955143
9.951899
9.948710
9.945586
9.942536
9.939570
9.936696
9.933924
9.931262
9.928720
9.926306
9.924028
9.921894
9.919909
9.918080
9.916412
9.914911
9.913579
9.912421
9.911440
9.910637
9.910013
9.909570
9.909311
9.909240
9.909360
9.909668
9.910165
9.910850
9.911719
9.912772
9.914005
9.915417
9.917007
9.918775
9.920719
9.922834
9.925115
9.927553
9.930143
9.932880
9.935756
9.938765
9.941901
9.945156
9.948522
9.951990
9.955552
9.959199
9.962923
9.966714
9.970565
9.974467
9.978412
9.982391
9.986394
9.990414
9.994441
9.998467
10.002481
10.006476
10.010441
10.014369
10.018249
10.022074
10.025835
10.029525
10.033136
10.036660
10.040089
10.043415
10.046631
10.049731
10.052708
10.055556
10.058270
10.060842
10.063270
10.065548
10.067672
10.069639
10.071446
10.073091
10.074571
10.075886
10.077035
10.078017
10.078833
10.079484
10.079971
10.080296
10.080461
10.080468
10.080318
10.080012
10.079550
10.078932
10.078159
10.077233
10.076159
10.074939
